# Bayes estimation calculation
# Model: one Gaussian
# Sigma: 0.500000 to 30.000000, step 0.602041
# Mu: -5.000000 to 5.000000, step 0.200000
# Data file: LD_sample_1_histo.dat
# Data row: 7 to 210
# x: -5.000000 to 5.000000, step 0.010000
# Free energy: 4537.499522
# x p_x
-5.000000	0.017094
-4.990000	0.017096
-4.980000	0.017098
-4.970000	0.017100
-4.960000	0.017102
-4.950000	0.017104
-4.940000	0.017106
-4.930000	0.017108
-4.920000	0.017110
-4.910000	0.017112
-4.900000	0.017114
-4.890000	0.017115
-4.880000	0.017117
-4.870000	0.017119
-4.860000	0.017121
-4.850000	0.017123
-4.840000	0.017125
-4.830000	0.017127
-4.820000	0.017129
-4.810000	0.017131
-4.800000	0.017133
-4.790000	0.017135
-4.780000	0.017137
-4.770000	0.017139
-4.760000	0.017141
-4.750000	0.017143
-4.740000	0.017145
-4.730000	0.017147
-4.720000	0.017148
-4.710000	0.017150
-4.700000	0.017152
-4.690000	0.017154
-4.680000	0.017156
-4.670000	0.017158
-4.660000	0.017160
-4.650000	0.017162
-4.640000	0.017164
-4.630000	0.017166
-4.620000	0.017167
-4.610000	0.017169
-4.600000	0.017171
-4.590000	0.017173
-4.580000	0.017175
-4.570000	0.017177
-4.560000	0.017179
-4.550000	0.017180
-4.540000	0.017182
-4.530000	0.017184
-4.520000	0.017186
-4.510000	0.017188
-4.500000	0.017190
-4.490000	0.017192
-4.480000	0.017193
-4.470000	0.017195
-4.460000	0.017197
-4.450000	0.017199
-4.440000	0.017201
-4.430000	0.017203
-4.420000	0.017204
-4.410000	0.017206
-4.400000	0.017208
-4.390000	0.017210
-4.380000	0.017212
-4.370000	0.017213
-4.360000	0.017215
-4.350000	0.017217
-4.340000	0.017219
-4.330000	0.017221
-4.320000	0.017222
-4.310000	0.017224
-4.300000	0.017226
-4.290000	0.017228
-4.280000	0.017229
-4.270000	0.017231
-4.260000	0.017233
-4.250000	0.017235
-4.240000	0.017237
-4.230000	0.017238
-4.220000	0.017240
-4.210000	0.017242
-4.200000	0.017244
-4.190000	0.017245
-4.180000	0.017247
-4.170000	0.017249
-4.160000	0.017250
-4.150000	0.017252
-4.140000	0.017254
-4.130000	0.017256
-4.120000	0.017257
-4.110000	0.017259
-4.100000	0.017261
-4.090000	0.017263
-4.080000	0.017264
-4.070000	0.017266
-4.060000	0.017268
-4.050000	0.017269
-4.040000	0.017271
-4.030000	0.017273
-4.020000	0.017274
-4.010000	0.017276
-4.000000	0.017278
-3.990000	0.017279
-3.980000	0.017281
-3.970000	0.017283
-3.960000	0.017284
-3.950000	0.017286
-3.940000	0.017288
-3.930000	0.017289
-3.920000	0.017291
-3.910000	0.017293
-3.900000	0.017294
-3.890000	0.017296
-3.880000	0.017298
-3.870000	0.017299
-3.860000	0.017301
-3.850000	0.017303
-3.840000	0.017304
-3.830000	0.017306
-3.820000	0.017307
-3.810000	0.017309
-3.800000	0.017311
-3.790000	0.017312
-3.780000	0.017314
-3.770000	0.017316
-3.760000	0.017317
-3.750000	0.017319
-3.740000	0.017320
-3.730000	0.017322
-3.720000	0.017324
-3.710000	0.017325
-3.700000	0.017327
-3.690000	0.017328
-3.680000	0.017330
-3.670000	0.017331
-3.660000	0.017333
-3.650000	0.017335
-3.640000	0.017336
-3.630000	0.017338
-3.620000	0.017339
-3.610000	0.017341
-3.600000	0.017342
-3.590000	0.017344
-3.580000	0.017345
-3.570000	0.017347
-3.560000	0.017349
-3.550000	0.017350
-3.540000	0.017352
-3.530000	0.017353
-3.520000	0.017355
-3.510000	0.017356
-3.500000	0.017358
-3.490000	0.017359
-3.480000	0.017361
-3.470000	0.017362
-3.460000	0.017364
-3.450000	0.017365
-3.440000	0.017367
-3.430000	0.017368
-3.420000	0.017370
-3.410000	0.017371
-3.400000	0.017373
-3.390000	0.017374
-3.380000	0.017376
-3.370000	0.017377
-3.360000	0.017379
-3.350000	0.017380
-3.340000	0.017382
-3.330000	0.017383
-3.320000	0.017384
-3.310000	0.017386
-3.300000	0.017387
-3.290000	0.017389
-3.280000	0.017390
-3.270000	0.017392
-3.260000	0.017393
-3.250000	0.017395
-3.240000	0.017396
-3.230000	0.017397
-3.220000	0.017399
-3.210000	0.017400
-3.200000	0.017402
-3.190000	0.017403
-3.180000	0.017405
-3.170000	0.017406
-3.160000	0.017407
-3.150000	0.017409
-3.140000	0.017410
-3.130000	0.017412
-3.120000	0.017413
-3.110000	0.017414
-3.100000	0.017416
-3.090000	0.017417
-3.080000	0.017419
-3.070000	0.017420
-3.060000	0.017421
-3.050000	0.017423
-3.040000	0.017424
-3.030000	0.017425
-3.020000	0.017427
-3.010000	0.017428
-3.000000	0.017429
-2.990000	0.017431
-2.980000	0.017432
-2.970000	0.017433
-2.960000	0.017435
-2.950000	0.017436
-2.940000	0.017437
-2.930000	0.017439
-2.920000	0.017440
-2.910000	0.017441
-2.900000	0.017443
-2.890000	0.017444
-2.880000	0.017445
-2.870000	0.017447
-2.860000	0.017448
-2.850000	0.017449
-2.840000	0.017451
-2.830000	0.017452
-2.820000	0.017453
-2.810000	0.017455
-2.800000	0.017456
-2.790000	0.017457
-2.780000	0.017458
-2.770000	0.017460
-2.760000	0.017461
-2.750000	0.017462
-2.740000	0.017463
-2.730000	0.017465
-2.720000	0.017466
-2.710000	0.017467
-2.700000	0.017468
-2.690000	0.017470
-2.680000	0.017471
-2.670000	0.017472
-2.660000	0.017473
-2.650000	0.017475
-2.640000	0.017476
-2.630000	0.017477
-2.620000	0.017478
-2.610000	0.017480
-2.600000	0.017481
-2.590000	0.017482
-2.580000	0.017483
-2.570000	0.017484
-2.560000	0.017486
-2.550000	0.017487
-2.540000	0.017488
-2.530000	0.017489
-2.520000	0.017490
-2.510000	0.017492
-2.500000	0.017493
-2.490000	0.017494
-2.480000	0.017495
-2.470000	0.017496
-2.460000	0.017498
-2.450000	0.017499
-2.440000	0.017500
-2.430000	0.017501
-2.420000	0.017502
-2.410000	0.017503
-2.400000	0.017505
-2.390000	0.017506
-2.380000	0.017507
-2.370000	0.017508
-2.360000	0.017509
-2.350000	0.017510
-2.340000	0.017511
-2.330000	0.017512
-2.320000	0.017514
-2.310000	0.017515
-2.300000	0.017516
-2.290000	0.017517
-2.280000	0.017518
-2.270000	0.017519
-2.260000	0.017520
-2.250000	0.017521
-2.240000	0.017522
-2.230000	0.017524
-2.220000	0.017525
-2.210000	0.017526
-2.200000	0.017527
-2.190000	0.017528
-2.180000	0.017529
-2.170000	0.017530
-2.160000	0.017531
-2.150000	0.017532
-2.140000	0.017533
-2.130000	0.017534
-2.120000	0.017535
-2.110000	0.017536
-2.100000	0.017538
-2.090000	0.017539
-2.080000	0.017540
-2.070000	0.017541
-2.060000	0.017542
-2.050000	0.017543
-2.040000	0.017544
-2.030000	0.017545
-2.020000	0.017546
-2.010000	0.017547
-2.000000	0.017548
-1.990000	0.017549
-1.980000	0.017550
-1.970000	0.017551
-1.960000	0.017552
-1.950000	0.017553
-1.940000	0.017554
-1.930000	0.017555
-1.920000	0.017556
-1.910000	0.017557
-1.900000	0.017558
-1.890000	0.017559
-1.880000	0.017560
-1.870000	0.017561
-1.860000	0.017562
-1.850000	0.017563
-1.840000	0.017564
-1.830000	0.017565
-1.820000	0.017566
-1.810000	0.017567
-1.800000	0.017567
-1.790000	0.017568
-1.780000	0.017569
-1.770000	0.017570
-1.760000	0.017571
-1.750000	0.017572
-1.740000	0.017573
-1.730000	0.017574
-1.720000	0.017575
-1.710000	0.017576
-1.700000	0.017577
-1.690000	0.017578
-1.680000	0.017579
-1.670000	0.017579
-1.660000	0.017580
-1.650000	0.017581
-1.640000	0.017582
-1.630000	0.017583
-1.620000	0.017584
-1.610000	0.017585
-1.600000	0.017586
-1.590000	0.017587
-1.580000	0.017587
-1.570000	0.017588
-1.560000	0.017589
-1.550000	0.017590
-1.540000	0.017591
-1.530000	0.017592
-1.520000	0.017593
-1.510000	0.017593
-1.500000	0.017594
-1.490000	0.017595
-1.480000	0.017596
-1.470000	0.017597
-1.460000	0.017598
-1.450000	0.017598
-1.440000	0.017599
-1.430000	0.017600
-1.420000	0.017601
-1.410000	0.017602
-1.400000	0.017603
-1.390000	0.017603
-1.380000	0.017604
-1.370000	0.017605
-1.360000	0.017606
-1.350000	0.017607
-1.340000	0.017607
-1.330000	0.017608
-1.320000	0.017609
-1.310000	0.017610
-1.300000	0.017611
-1.290000	0.017611
-1.280000	0.017612
-1.270000	0.017613
-1.260000	0.017614
-1.250000	0.017614
-1.240000	0.017615
-1.230000	0.017616
-1.220000	0.017617
-1.210000	0.017617
-1.200000	0.017618
-1.190000	0.017619
-1.180000	0.017620
-1.170000	0.017620
-1.160000	0.017621
-1.150000	0.017622
-1.140000	0.017622
-1.130000	0.017623
-1.120000	0.017624
-1.110000	0.017625
-1.100000	0.017625
-1.090000	0.017626
-1.080000	0.017627
-1.070000	0.017627
-1.060000	0.017628
-1.050000	0.017629
-1.040000	0.017630
-1.030000	0.017630
-1.020000	0.017631
-1.010000	0.017632
-1.000000	0.017632
-0.990000	0.017633
-0.980000	0.017634
-0.970000	0.017634
-0.960000	0.017635
-0.950000	0.017636
-0.940000	0.017636
-0.930000	0.017637
-0.920000	0.017638
-0.910000	0.017638
-0.900000	0.017639
-0.890000	0.017639
-0.880000	0.017640
-0.870000	0.017641
-0.860000	0.017641
-0.850000	0.017642
-0.840000	0.017643
-0.830000	0.017643
-0.820000	0.017644
-0.810000	0.017644
-0.800000	0.017645
-0.790000	0.017646
-0.780000	0.017646
-0.770000	0.017647
-0.760000	0.017647
-0.750000	0.017648
-0.740000	0.017649
-0.730000	0.017649
-0.720000	0.017650
-0.710000	0.017650
-0.700000	0.017651
-0.690000	0.017651
-0.680000	0.017652
-0.670000	0.017653
-0.660000	0.017653
-0.650000	0.017654
-0.640000	0.017654
-0.630000	0.017655
-0.620000	0.017655
-0.610000	0.017656
-0.600000	0.017656
-0.590000	0.017657
-0.580000	0.017657
-0.570000	0.017658
-0.560000	0.017658
-0.550000	0.017659
-0.540000	0.017660
-0.530000	0.017660
-0.520000	0.017661
-0.510000	0.017661
-0.500000	0.017662
-0.490000	0.017662
-0.480000	0.017663
-0.470000	0.017663
-0.460000	0.017664
-0.450000	0.017664
-0.440000	0.017664
-0.430000	0.017665
-0.420000	0.017665
-0.410000	0.017666
-0.400000	0.017666
-0.390000	0.017667
-0.380000	0.017667
-0.370000	0.017668
-0.360000	0.017668
-0.350000	0.017669
-0.340000	0.017669
-0.330000	0.017670
-0.320000	0.017670
-0.310000	0.017670
-0.300000	0.017671
-0.290000	0.017671
-0.280000	0.017672
-0.270000	0.017672
-0.260000	0.017673
-0.250000	0.017673
-0.240000	0.017673
-0.230000	0.017674
-0.220000	0.017674
-0.210000	0.017675
-0.200000	0.017675
-0.190000	0.017675
-0.180000	0.017676
-0.170000	0.017676
-0.160000	0.017677
-0.150000	0.017677
-0.140000	0.017677
-0.130000	0.017678
-0.120000	0.017678
-0.110000	0.017678
-0.100000	0.017679
-0.090000	0.017679
-0.080000	0.017679
-0.070000	0.017680
-0.060000	0.017680
-0.050000	0.017681
-0.040000	0.017681
-0.030000	0.017681
-0.020000	0.017682
-0.010000	0.017682
0.000000	0.017682
0.010000	0.017683
0.020000	0.017683
0.030000	0.017683
0.040000	0.017683
0.050000	0.017684
0.060000	0.017684
0.070000	0.017684
0.080000	0.017685
0.090000	0.017685
0.100000	0.017685
0.110000	0.017686
0.120000	0.017686
0.130000	0.017686
0.140000	0.017686
0.150000	0.017687
0.160000	0.017687
0.170000	0.017687
0.180000	0.017687
0.190000	0.017688
0.200000	0.017688
0.210000	0.017688
0.220000	0.017689
0.230000	0.017689
0.240000	0.017689
0.250000	0.017689
0.260000	0.017689
0.270000	0.017690
0.280000	0.017690
0.290000	0.017690
0.300000	0.017690
0.310000	0.017691
0.320000	0.017691
0.330000	0.017691
0.340000	0.017691
0.350000	0.017691
0.360000	0.017692
0.370000	0.017692
0.380000	0.017692
0.390000	0.017692
0.400000	0.017692
0.410000	0.017693
0.420000	0.017693
0.430000	0.017693
0.440000	0.017693
0.450000	0.017693
0.460000	0.017693
0.470000	0.017694
0.480000	0.017694
0.490000	0.017694
0.500000	0.017694
0.510000	0.017694
0.520000	0.017694
0.530000	0.017695
0.540000	0.017695
0.550000	0.017695
0.560000	0.017695
0.570000	0.017695
0.580000	0.017695
0.590000	0.017695
0.600000	0.017695
0.610000	0.017696
0.620000	0.017696
0.630000	0.017696
0.640000	0.017696
0.650000	0.017696
0.660000	0.017696
0.670000	0.017696
0.680000	0.017696
0.690000	0.017696
0.700000	0.017696
0.710000	0.017697
0.720000	0.017697
0.730000	0.017697
0.740000	0.017697
0.750000	0.017697
0.760000	0.017697
0.770000	0.017697
0.780000	0.017697
0.790000	0.017697
0.800000	0.017697
0.810000	0.017697
0.820000	0.017697
0.830000	0.017697
0.840000	0.017697
0.850000	0.017697
0.860000	0.017697
0.870000	0.017697
0.880000	0.017697
0.890000	0.017697
0.900000	0.017697
0.910000	0.017697
0.920000	0.017697
0.930000	0.017697
0.940000	0.017697
0.950000	0.017697
0.960000	0.017697
0.970000	0.017697
0.980000	0.017697
0.990000	0.017697
1.000000	0.017697
1.010000	0.017697
1.020000	0.017697
1.030000	0.017697
1.040000	0.017697
1.050000	0.017697
1.060000	0.017697
1.070000	0.017697
1.080000	0.017697
1.090000	0.017697
1.100000	0.017697
1.110000	0.017697
1.120000	0.017697
1.130000	0.017697
1.140000	0.017697
1.150000	0.017697
1.160000	0.017697
1.170000	0.017696
1.180000	0.017696
1.190000	0.017696
1.200000	0.017696
1.210000	0.017696
1.220000	0.017696
1.230000	0.017696
1.240000	0.017696
1.250000	0.017696
1.260000	0.017696
1.270000	0.017695
1.280000	0.017695
1.290000	0.017695
1.300000	0.017695
1.310000	0.017695
1.320000	0.017695
1.330000	0.017695
1.340000	0.017695
1.350000	0.017694
1.360000	0.017694
1.370000	0.017694
1.380000	0.017694
1.390000	0.017694
1.400000	0.017694
1.410000	0.017693
1.420000	0.017693
1.430000	0.017693
1.440000	0.017693
1.450000	0.017693
1.460000	0.017693
1.470000	0.017692
1.480000	0.017692
1.490000	0.017692
1.500000	0.017692
1.510000	0.017692
1.520000	0.017691
1.530000	0.017691
1.540000	0.017691
1.550000	0.017691
1.560000	0.017691
1.570000	0.017690
1.580000	0.017690
1.590000	0.017690
1.600000	0.017690
1.610000	0.017689
1.620000	0.017689
1.630000	0.017689
1.640000	0.017689
1.650000	0.017689
1.660000	0.017688
1.670000	0.017688
1.680000	0.017688
1.690000	0.017687
1.700000	0.017687
1.710000	0.017687
1.720000	0.017687
1.730000	0.017686
1.740000	0.017686
1.750000	0.017686
1.760000	0.017686
1.770000	0.017685
1.780000	0.017685
1.790000	0.017685
1.800000	0.017684
1.810000	0.017684
1.820000	0.017684
1.830000	0.017683
1.840000	0.017683
1.850000	0.017683
1.860000	0.017683
1.870000	0.017682
1.880000	0.017682
1.890000	0.017682
1.900000	0.017681
1.910000	0.017681
1.920000	0.017681
1.930000	0.017680
1.940000	0.017680
1.950000	0.017679
1.960000	0.017679
1.970000	0.017679
1.980000	0.017678
1.990000	0.017678
2.000000	0.017678
2.010000	0.017677
2.020000	0.017677
2.030000	0.017677
2.040000	0.017676
2.050000	0.017676
2.060000	0.017675
2.070000	0.017675
2.080000	0.017675
2.090000	0.017674
2.100000	0.017674
2.110000	0.017673
2.120000	0.017673
2.130000	0.017673
2.140000	0.017672
2.150000	0.017672
2.160000	0.017671
2.170000	0.017671
2.180000	0.017670
2.190000	0.017670
2.200000	0.017670
2.210000	0.017669
2.220000	0.017669
2.230000	0.017668
2.240000	0.017668
2.250000	0.017667
2.260000	0.017667
2.270000	0.017666
2.280000	0.017666
2.290000	0.017665
2.300000	0.017665
2.310000	0.017664
2.320000	0.017664
2.330000	0.017664
2.340000	0.017663
2.350000	0.017663
2.360000	0.017662
2.370000	0.017662
2.380000	0.017661
2.390000	0.017661
2.400000	0.017660
2.410000	0.017660
2.420000	0.017659
2.430000	0.017658
2.440000	0.017658
2.450000	0.017657
2.460000	0.017657
2.470000	0.017656
2.480000	0.017656
2.490000	0.017655
2.500000	0.017655
2.510000	0.017654
2.520000	0.017654
2.530000	0.017653
2.540000	0.017653
2.550000	0.017652
2.560000	0.017651
2.570000	0.017651
2.580000	0.017650
2.590000	0.017650
2.600000	0.017649
2.610000	0.017649
2.620000	0.017648
2.630000	0.017647
2.640000	0.017647
2.650000	0.017646
2.660000	0.017646
2.670000	0.017645
2.680000	0.017644
2.690000	0.017644
2.700000	0.017643
2.710000	0.017643
2.720000	0.017642
2.730000	0.017641
2.740000	0.017641
2.750000	0.017640
2.760000	0.017639
2.770000	0.017639
2.780000	0.017638
2.790000	0.017638
2.800000	0.017637
2.810000	0.017636
2.820000	0.017636
2.830000	0.017635
2.840000	0.017634
2.850000	0.017634
2.860000	0.017633
2.870000	0.017632
2.880000	0.017632
2.890000	0.017631
2.900000	0.017630
2.910000	0.017630
2.920000	0.017629
2.930000	0.017628
2.940000	0.017627
2.950000	0.017627
2.960000	0.017626
2.970000	0.017625
2.980000	0.017625
2.990000	0.017624
3.000000	0.017623
3.010000	0.017622
3.020000	0.017622
3.030000	0.017621
3.040000	0.017620
3.050000	0.017620
3.060000	0.017619
3.070000	0.017618
3.080000	0.017617
3.090000	0.017617
3.100000	0.017616
3.110000	0.017615
3.120000	0.017614
3.130000	0.017614
3.140000	0.017613
3.150000	0.017612
3.160000	0.017611
3.170000	0.017611
3.180000	0.017610
3.190000	0.017609
3.200000	0.017608
3.210000	0.017607
3.220000	0.017607
3.230000	0.017606
3.240000	0.017605
3.250000	0.017604
3.260000	0.017603
3.270000	0.017603
3.280000	0.017602
3.290000	0.017601
3.300000	0.017600
3.310000	0.017599
3.320000	0.017598
3.330000	0.017598
3.340000	0.017597
3.350000	0.017596
3.360000	0.017595
3.370000	0.017594
3.380000	0.017593
3.390000	0.017593
3.400000	0.017592
3.410000	0.017591
3.420000	0.017590
3.430000	0.017589
3.440000	0.017588
3.450000	0.017587
3.460000	0.017587
3.470000	0.017586
3.480000	0.017585
3.490000	0.017584
3.500000	0.017583
3.510000	0.017582
3.520000	0.017581
3.530000	0.017580
3.540000	0.017579
3.550000	0.017579
3.560000	0.017578
3.570000	0.017577
3.580000	0.017576
3.590000	0.017575
3.600000	0.017574
3.610000	0.017573
3.620000	0.017572
3.630000	0.017571
3.640000	0.017570
3.650000	0.017569
3.660000	0.017568
3.670000	0.017567
3.680000	0.017567
3.690000	0.017566
3.700000	0.017565
3.710000	0.017564
3.720000	0.017563
3.730000	0.017562
3.740000	0.017561
3.750000	0.017560
3.760000	0.017559
3.770000	0.017558
3.780000	0.017557
3.790000	0.017556
3.800000	0.017555
3.810000	0.017554
3.820000	0.017553
3.830000	0.017552
3.840000	0.017551
3.850000	0.017550
3.860000	0.017549
3.870000	0.017548
3.880000	0.017547
3.890000	0.017546
3.900000	0.017545
3.910000	0.017544
3.920000	0.017543
3.930000	0.017542
3.940000	0.017541
3.950000	0.017540
3.960000	0.017539
3.970000	0.017538
3.980000	0.017536
3.990000	0.017535
4.000000	0.017534
4.010000	0.017533
4.020000	0.017532
4.030000	0.017531
4.040000	0.017530
4.050000	0.017529
4.060000	0.017528
4.070000	0.017527
4.080000	0.017526
4.090000	0.017525
4.100000	0.017524
4.110000	0.017522
4.120000	0.017521
4.130000	0.017520
4.140000	0.017519
4.150000	0.017518
4.160000	0.017517
4.170000	0.017516
4.180000	0.017515
4.190000	0.017514
4.200000	0.017512
4.210000	0.017511
4.220000	0.017510
4.230000	0.017509
4.240000	0.017508
4.250000	0.017507
4.260000	0.017506
4.270000	0.017505
4.280000	0.017503
4.290000	0.017502
4.300000	0.017501
4.310000	0.017500
4.320000	0.017499
4.330000	0.017498
4.340000	0.017496
4.350000	0.017495
4.360000	0.017494
4.370000	0.017493
4.380000	0.017492
4.390000	0.017490
4.400000	0.017489
4.410000	0.017488
4.420000	0.017487
4.430000	0.017486
4.440000	0.017484
4.450000	0.017483
4.460000	0.017482
4.470000	0.017481
4.480000	0.017480
4.490000	0.017478
4.500000	0.017477
4.510000	0.017476
4.520000	0.017475
4.530000	0.017473
4.540000	0.017472
4.550000	0.017471
4.560000	0.017470
4.570000	0.017468
4.580000	0.017467
4.590000	0.017466
4.600000	0.017465
4.610000	0.017463
4.620000	0.017462
4.630000	0.017461
4.640000	0.017460
4.650000	0.017458
4.660000	0.017457
4.670000	0.017456
4.680000	0.017455
4.690000	0.017453
4.700000	0.017452
4.710000	0.017451
4.720000	0.017449
4.730000	0.017448
4.740000	0.017447
4.750000	0.017445
4.760000	0.017444
4.770000	0.017443
4.780000	0.017441
4.790000	0.017440
4.800000	0.017439
4.810000	0.017437
4.820000	0.017436
4.830000	0.017435
4.840000	0.017433
4.850000	0.017432
4.860000	0.017431
4.870000	0.017429
4.880000	0.017428
4.890000	0.017427
4.900000	0.017425
4.910000	0.017424
4.920000	0.017423
4.930000	0.017421
4.940000	0.017420
4.950000	0.017419
4.960000	0.017417
4.970000	0.017416
4.980000	0.017414
4.990000	0.017413
5.000000	0.017412
