# sigma = 1
# mu = 0
# Number of data = 1000
-0.328748
1.82891
0.591784
0.192818
-1.01934
0.586939
-1.55298
-0.682508
-0.20181
-0.127814
-1.12032
1.33526
-1.18045
-0.399217
0.706247
-0.643878
-0.194183
0.669368
-0.94395
-0.0580028
0.134376
-0.186062
-0.362215
0.650132
0.44765
-0.110207
1.58434
1.78529
0.290731
-1.85299
0.247606
1.78095
0.932375
-0.11025
0.674102
0.97611
-1.72867
-1.12007
0.980353
0.00450543
1.9347
0.0765483
2.06468
1.19488
0.379319
-2.16133
-1.01537
1.14044
-0.971166
-0.345537
1.47414
-0.495296
-1.02234
-0.157394
-0.702104
0.232139
1.28079
0.342464
1.94382
-1.42064
0.277956
-0.521376
0.525297
-1.15319
1.69659
-0.788588
-0.349484
0.414595
0.175386
-0.344493
-1.28226
-0.808874
0.175287
-0.388749
-1.65137
0.680894
0.819623
0.256129
0.497111
0.952349
0.163465
-1.6711
0.038474
0.354147
0.108237
-0.563003
-0.299787
-0.728458
-0.834001
1.30672
-0.608985
-1.13244
-0.306096
-1.77986
0.409626
-0.733985
0.0163017
-0.507045
-0.247914
0.804154
-0.956995
0.04123
-1.84862
-0.679489
-0.671065
-0.1098
1.62527
2.01176
-0.269964
-0.445805
0.993506
0.466578
-0.658444
1.52416
0.25087
-1.59195
0.169344
0.0170665
0.242933
1.24222
1.0767
1.50224
1.44482
-0.940876
-0.191136
-0.755221
-0.450949
1.90865
-0.374317
-0.458389
0.700027
1.22951
-2.13704
0.538776
0.654633
0.17092
0.447035
-1.19906
-1.7016
-1.42832
0.030589
-0.546821
0.215043
-1.52825
-1.72733
-0.583168
-1.29113
1.84587
0.448123
1.19935
0.867988
-2.03691
0.252417
0.419969
0.103529
0.778789
-0.557092
-0.485069
-0.714222
-0.985247
0.0256304
-0.728991
-0.138446
-0.825557
-1.83243
-0.0632357
1.19011
-0.0448296
1.94927
0.100761
-0.279469
-0.588619
-0.28423
-0.904537
0.0773391
-1.92998
-0.202216
1.89842
-0.0816275
0.699533
-0.0843182
-0.95124
0.594746
-1.48229
0.866697
0.881969
1.07737
0.19943
0.268765
-0.37635
0.677991
1.6218
0.306462
0.302416
0.864757
0.87393
0.0362372
-0.211848
-1.47342
-0.282972
-0.433221
1.00527
0.0500036
1.10863
-0.435762
-0.869266
-0.702091
-1.07495
-0.447789
2.35438
-0.491588
-0.436749
1.77843
-0.684852
-0.829703
0.967806
0.103892
-0.778044
1.82514
0.606409
0.300728
0.930323
1.10455
-0.798014
-1.22682
0.212011
-0.458924
0.168159
-0.756059
-0.210205
-0.267583
1.45175
2.23142
1.21999
0.465346
0.274203
-0.587273
0.136614
0.552746
-1.23952
-0.229403
-0.287177
-1.28399
-1.38636
-0.0029603
-0.512937
0.691712
-0.832101
0.883482
-0.516399
1.01928
-0.215673
0.128489
0.729746
0.36781
-1.84581
2.18076
-0.932461
0.706861
0.682041
2.36376
0.194258
-0.40087
-1.69788
1.11753
2.54821
-0.641611
-0.381917
-0.22029
0.474149
-1.90129
-0.0140037
0.226068
0.617366
-0.178978
1.12228
0.532894
1.10934
-0.749264
1.21513
0.484592
0.266334
-0.654585
-1.19002
0.136981
0.616202
0.996066
-0.32708
-1.08382
2.18118
0.450439
-0.650589
-2.46832
1.66526
2.08098
0.555562
-1.50038
-1.48731
0.382883
0.394645
-1.01922
-0.405842
1.23028
-0.516338
0.523766
-1.98716
0.519131
-0.77674
-1.2468
-0.14251
0.416787
-0.565997
0.455035
-0.257304
0.340269
1.24995
-0.97679
-0.467192
-1.03352
-0.527966
0.0632162
-0.211757
1.42635
0.77102
-0.781146
-1.01107
0.0474797
0.89615
2.09312
0.884058
-0.0399902
-0.350183
-0.639863
-0.070586
0.818244
2.57834
-0.396943
-0.165995
0.904117
0.794474
-0.215863
-0.390859
0.788295
0.160642
0.00719029
0.583623
-0.228154
1.14797
-1.70537
0.17019
1.72598
-1.67379
-0.0118506
0.132153
1.32336
0.416682
-0.898598
-0.654798
-0.0655231
-0.152261
-0.868185
0.760419
0.0205713
-0.0547022
0.142403
-0.951849
-0.738492
-0.161694
-0.509559
0.0263273
0.328684
0.0590174
0.00307919
-2.95775
0.541025
-0.76987
0.233771
-0.329064
-1.57784
1.06606
0.512845
0.583268
0.432465
-1.67057
0.759331
0.883519
-0.131977
-0.647257
1.25325
-0.0629012
-1.78422
0.958233
-0.306836
1.17398
-0.929017
0.912725
-0.314598
-1.30374
0.148428
-0.788587
-0.6568
0.679425
-0.232059
1.53517
-1.18192
-1.52472
1.90137
0.153576
0.328357
-0.232714
1.10887
-0.250433
-0.643277
-2.11437
-0.90841
1.78074
0.0437387
1.89537
-0.426633
0.902053
-0.801079
0.181529
-0.757624
0.892552
1.36657
0.90348
0.239964
1.36883
-0.791328
-0.499009
0.287577
0.0592191
-0.0386231
0.129665
-2.95616
-0.0102143
-1.31441
-1.45652
0.427894
-1.326
-0.454974
-0.747786
-0.280261
-0.373233
1.03993
1.1508
-1.33145
-0.299689
0.948217
2.13895
0.340207
0.448518
-0.685325
-1.15844
0.294498
-0.27836
-1.04079
1.66121
1.3701
-0.517873
-0.824561
-0.140231
-1.58863
-1.34224
0.186641
1.01979
-0.705645
-0.741454
-0.132761
0.265511
-0.879722
-1.19258
1.24704
0.107547
0.578931
0.737105
-0.0814198
1.41871
-1.90887
0.0149361
-2.04577
-1.10585
1.06266
-0.11232
-0.861371
0.76343
-0.460182
-0.296595
0.366828
-1.02515
0.641734
1.6784
0.407224
-1.15028
-0.900624
-0.236279
1.19598
0.872066
-0.856567
0.884024
-1.08001
-0.294358
2.88829
-0.411393
-0.384583
0.0421229
1.42426
0.867953
-0.402921
-0.471067
0.355293
-0.954511
0.251968
-0.98507
-2.13286
0.136067
-1.22183
1.01249
-0.222649
-1.29972
-0.0478315
-0.919613
0.756982
0.703885
1.30436
-1.44265
1.07832
-1.37085
-1.75795
-0.20765
-0.751036
1.46693
-1.20621
0.779621
-0.605003
-1.17245
1.32856
0.892575
1.13025
1.11216
0.707146
0.302515
-0.0301768
-0.307111
-0.107012
-0.297885
-0.613373
0.55403
0.666084
-0.11879
1.71001
0.0692105
-0.804989
-0.575838
1.37956
0.517476
0.57714
-0.176664
1.35894
-0.253543
1.2051
-0.0900471
1.13575
0.0988904
-0.85736
0.411648
1.30546
0.674912
0.0124598
1.93582
0.101207
-0.025594
0.691581
-0.392528
-0.537388
1.84123
-0.340741
-1.08831
-0.986839
0.270497
1.50298
0.468016
-0.0681322
-0.955583
2.21413
0.170134
0.351137
1.62895
-0.553915
1.52371
1.3146
0.106277
-0.412461
-0.681242
1.43368
-0.542132
-0.288519
1.37359
-0.0310561
-1.14115
-1.5041
-1.62749
-0.102092
0.610491
1.14513
0.277083
1.79997
-0.0547297
0.23014
0.287897
-1.35889
-1.81635
-0.653911
0.759977
1.99904
0.358622
0.771229
-1.9078
2.04005
0.439697
-1.17239
-0.130822
0.387809
0.272566
0.124675
0.394807
1.11606
3.1494
0.667148
0.808078
0.920409
0.909306
0.0396804
-2.44334
-0.468551
0.959156
-0.101272
-0.0378579
-0.89745
0.244454
-0.461975
-0.117783
0.344388
1.60322
-0.811665
0.893213
1.24024
-0.640387
-0.820725
0.735319
-0.216431
-0.14952
-0.540752
-0.169517
-0.907366
1.03498
-1.50063
-0.420833
-1.30643
-0.825284
1.34104
0.777879
0.552294
0.468053
-0.75761
-0.48158
-0.317341
-1.04907
0.964998
0.983925
-0.307711
-0.0150842
0.0247111
0.159829
1.04543
-2.80298
0.748427
2.36259
0.272109
0.124141
-0.187253
0.595977
-1.3734
0.188807
-0.0485198
-0.358953
-0.180177
0.490348
0.889361
1.02477
-0.861457
2.6672
0.469803
0.101269
-2.93695
0.560465
-1.23012
-2.56595
0.74483
-0.927819
0.6599
0.60235
0.576005
1.9741
-0.0700927
0.618783
0.365133
0.475685
-0.84499
-0.906552
0.403199
-0.152405
0.320033
-1.01512
0.0211613
0.758521
-0.268496
0.943498
0.112963
0.212177
-1.49709
1.15367
0.221436
0.413365
-0.971824
-1.91913
-1.38954
0.946249
-1.38148
0.436032
0.550944
-0.625974
-0.65923
-1.05086
-0.945455
-0.829095
-0.4351
-2.22068
0.587053
3.13791
-1.47536
0.201742
-0.44257
0.049465
-0.577602
-0.122968
-0.832171
0.802615
-0.377197
2.16839
1.77128
-1.01535
0.277397
1.18416
-2.51487
0.0324022
1.2916
-1.14777
0.807106
-0.979152
-0.921661
-0.274266
-0.372521
0.780414
-0.752117
-0.253724
-0.440728
2.10605
1.49271
-1.86009
1.40302
-1.96081
-1.05481
1.26696
-0.130982
1.12903
-0.383796
-0.223536
-1.91612
-0.229002
-0.0544264
0.24082
-1.51747
1.10873
0.0247734
-0.154354
0.0210549
-0.662206
1.68519
-0.944699
-0.596212
2.19447
-1.50415
-0.624236
-0.406146
0.647927
1.76479
1.76226
-1.71748
0.0789622
1.07709
-0.270558
0.302542
-0.643564
0.947037
1.00706
1.7324
0.0335781
1.03364
0.328272
-0.520673
1.85051
0.812845
-0.755369
0.0720712
0.0655033
-0.535679
0.768912
-1.97999
0.0229437
0.179448
0.58359
1.00029
-0.17249
0.270211
-1.70406
1.06807
0.0462498
-1.02724
-0.629737
-0.80567
-1.7137
0.825429
0.552156
-0.427125
1.81539
0.121028
0.480645
-1.12693
0.0291746
0.16255
0.385244
0.0033606
-0.841805
-1.02337
0.590299
-0.301696
0.628405
0.324435
1.13937
0.0778857
0.977603
-1.69013
0.128266
-0.521671
0.0244621
1.26871
-0.407255
0.867215
-0.260925
-0.453147
-0.848641
0.342114
0.391774
0.29942
-0.0763094
0.81474
-1.81076
-2.51786
-0.513768
1.19623
1.18465
1.41926
-0.623714
-0.740027
-0.330906
1.12586
0.168253
-0.96187
1.29903
-0.59928
-0.925181
1.16713
0.00496674
0.211908
0.651493
-0.182471
1.48215
-0.833622
0.866862
0.349616
-0.387444
0.546913
0.0892385
-0.199848
-0.0612913
0.0356374
1.24894
0.0287433
0.757595
-0.745203
-0.305053
0.213638
0.356476
0.119076
0.613504
-0.478597
1.31314
-1.3013
-1.14445
-0.583405
-0.647052
1.00794
0.332579
-0.0492771
0.301357
-2.11815
-0.13588
-0.543774
-0.630406
-2.1062
0.0876391
0.745176
0.327723
0.000820187
0.435913
0.419356
1.55363
-0.189909
2.1236
-0.8937
-0.199524
1.42827
0.0409455
-0.412648
2.28271
-0.116292
1.12427
1.10544
-0.23197
-0.122996
-0.990687
0.476989
1.86701
1.70622
-0.176857
0.256778
-0.196497
0.651919
-0.350889
-0.0820061
0.391446
0.000248318
-0.246396
-0.650749
-0.735854
-0.643709
-0.159694
0.761461
0.489687
0.0871359
-0.962454
-1.26519
-0.900768
1.42183
-0.55763
0.833414
0.359074
1.55167
0.314871
0.447065
-1.12255
-1.58564
-0.249579
-1.09536
-0.827564
-0.136619
-0.840929
-1.58024
-0.497561
0.0975179
-0.0936471
0.112988
1.00717
-1.85971
0.996502
-1.70091
-0.540253
0.308689
1.68459
0.0559595
-0.531841
-0.723211
-2.57071
0.472598
1.96208
0.56101
-0.447907
-0.427308
0.562678
