# mixed Normal Distribution
# Configuration file: input_sample_1.dat
# Number of samples: 10000
# Number of normal distributions: 2
# ND[0]: sigma=1.000000, mu=0.000000, weight=8.000000
# ND[1]: sigma=1.000000, mu=1.000000, weight=2.000000
0.454179
1.6843
-0.650863
0.463101
-0.0719732
0.187465
-1.26924
0.00811758
-0.731848
1.35848
2.17443
-1.0275
-0.401299
1.49668
2.58806
0.431975
-0.0467727
-0.672155
1.48515
1.7034
1.20045
0.826007
-0.557533
-0.0276054
1.55658
0.560053
-1.08011
0.110183
1.25502
0.183157
-0.542619
-0.894816
1.06571
-0.693476
-0.238973
-1.13915
0.108061
1.22438
0.511734
-0.142666
0.295773
1.03841
0.776405
-1.02832
-0.384525
0.354087
1.03221
0.0741513
-0.538782
0.888614
1.6917
2.00263
1.79284
-0.921948
1.46201
1.37242
0.391387
0.684627
0.749054
0.542191
1.62839
0.463358
0.439757
-0.990364
3.13568
0.326204
1.15961
1.64212
0.746966
-0.628787
0.416713
0.552258
1.33274
-0.301659
-0.968391
1.66577
-0.971281
0.872788
1.15828
0.30573
1.2093
-1.24438
1.45412
-0.621206
0.622498
-1.33847
1.30308
1.10353
-0.344887
-0.371349
-0.854816
0.492089
0.306804
0.518558
0.377586
-0.527555
-0.000192538
1.05249
-1.60909
-0.810633
-0.042187
-0.106709
0.876181
-1.69491
1.21687
-0.435957
1.0169
1.03131
-0.900603
1.53466
1.53304
-1.95326
0.845777
-1.81251
0.442204
1.28703
-0.0350599
1.66584
0.30803
2.33091
0.074837
1.66722
0.530891
1.44432
0.573097
-2.69424
0.169864
-0.261266
0.451603
-1.2553
-1.64062
-2.56444
-0.549957
-0.0429958
0.133094
-1.66392
-0.231524
1.31822
-0.443012
0.839171
1.41352
-0.748434
0.348455
0.0707747
0.691388
0.872859
0.573657
-0.773435
-0.984613
-0.206256
-0.505647
0.477527
-0.768246
-0.356495
1.19441
1.28332
-0.342244
0.113822
1.09011
2.51651
0.17026
-0.758924
-0.13123
0.552149
0.361281
-2.35448
1.56144
0.521745
-1.16204
0.686166
-0.0391291
1.17708
2.24084
-0.183356
-0.326556
0.657817
-0.739373
-1.04655
1.86747
-0.812239
-0.906139
-1.13467
2.0755
-0.480602
-0.634813
0.977124
-0.502519
-0.0431892
1.5747
-1.8636
-0.80842
-1.60777
-0.626314
-1.41875
0.700589
-0.280024
1.11496
-1.4022
-0.113915
-0.619282
-0.494651
-2.82625
0.109922
1.47688
1.45001
-3.01215
-0.25071
0.605477
1.89328
-1.52438
-0.913329
0.411837
1.51598
0.189617
0.56542
0.00997525
-0.112147
1.07011
1.8372
0.362783
-0.381017
1.07385
1.84143
-1.57049
-1.19278
0.0595996
-1.04403
0.712359
0.621427
0.752679
0.537879
0.519576
1.52226
1.47215
-0.586297
0.43774
-0.323202
0.0731851
0.628841
0.463536
0.532987
-0.611373
-1.15909
0.292076
2.77488
0.17889
-0.159623
1.50438
0.251794
1.33106
-1.3592
0.195538
1.53594
-0.243192
-0.448653
-0.0196225
1.37501
-0.191757
1.37216
-0.371578
-1.12295
-1.18438
-0.181928
0.661096
-1.50845
-1.17282
-0.137089
0.935313
1.87596
0.355369
-0.365511
-0.0647225
0.165868
1.88216
0.633692
0.826905
2.38654
2.53406
-0.133189
1.60622
-1.72133
0.0558158
0.372024
0.048653
0.3028
-0.0927044
-0.425534
0.891513
0.498709
-1.28777
0.126096
0.224176
1.0913
-1.49911
1.53604
-0.732
-0.405928
1.50598
2.27838
1.86857
0.537289
-0.692347
-0.366484
0.909606
-0.471259
-0.121946
-0.468822
-0.335653
1.73563
1.78405
-0.995047
-1.53461
1.16679
1.29158
1.20699
0.944698
-0.850456
1.22254
0.365623
-0.0662369
1.17944
0.144196
0.222855
0.551158
1.27863
-2.69273
1.597
1.37488
1.78419
0.313775
-0.662894
0.488434
0.952106
0.788109
0.724241
1.10693
-0.302244
0.697875
-0.882881
-0.874254
0.517519
-0.4356
0.797831
0.48003
1.47586
1.95604
0.105469
-0.430085
-1.11364
-1.14689
-0.0235848
1.66162
-0.681516
1.3722
0.877531
1.26477
2.81869
-1.16283
0.492315
1.38287
-1.03106
0.45711
0.668364
-2.42728
0.904424
1.48451
0.4804
0.710452
-0.797395
2.06937
0.867623
-0.660727
-0.645336
1.65381
-0.15956
1.65471
-1.72155
-1.65153
0.199366
-0.450362
-0.153741
0.8316
0.323728
1.43493
2.47724
0.899672
2.44963
-0.410145
-0.996777
-1.55299
3.45807
1.66604
-0.279594
0.243844
-0.261226
-0.0943253
-0.469249
-0.629854
-0.529738
-1.20528
-0.665629
-0.966562
1.65337
-0.823492
0.877632
0.0663935
0.739437
1.09526
-0.35608
-1.12168
1.75068
0.0495397
-1.51632
0.827248
2.96123
-0.489802
-0.872888
0.410447
-0.90343
0.707458
1.7191
-0.296443
-0.207499
-1.13133
0.860349
1.60369
0.0623342
2.35897
1.11611
1.28172
0.00771099
1.5329
-0.434493
-0.369863
-0.350379
2.10513
-1.35155
0.0399615
0.561775
0.761947
0.284848
-0.788039
-1.4264
1.6224
-0.0384782
0.756843
-2.09466
-1.12092
0.985991
0.431464
-0.0324694
0.52558
-0.304867
2.13644
-1.0315
1.14364
-0.792396
-0.0135075
-0.192262
-2.07243
1.43677
-0.817265
2.1031
0.394293
0.815168
-0.490058
-1.26871
-0.222598
1.2003
-1.27978
-0.907462
-0.116271
0.617781
2.60167
-0.473189
2.62428
1.02561
0.438038
-0.167967
1.47414
0.56333
1.56967
0.908317
1.85792
-0.139276
0.372471
1.349
-0.569838
-1.06345
1.34909
0.273643
0.238243
0.831766
0.639073
1.95466
-1.35216
-0.671677
2.09089
1.57337
0.782169
-0.570404
-0.0107945
0.310957
1.21017
0.581747
1.93818
0.108128
-0.766895
2.30127
0.28362
-0.694342
1.8258
-0.25022
0.319769
-0.512231
0.694116
0.982668
-1.68061
-0.0699511
-0.0884554
0.580065
0.886676
1.40999
0.864095
0.0154603
0.34435
0.118097
0.478948
1.19223
-3.18546
0.256153
-0.637133
1.3861
-0.389944
0.970242
-1.41625
-0.507256
0.82804
-0.18374
0.527434
0.027693
-0.678003
-1.36145
-0.745313
-0.179014
0.00555986
-1.22402
-1.72699
-0.521477
-0.250156
-0.0435387
1.69271
2.01058
1.02626
1.13909
0.419247
-0.58091
-0.0152664
-1.27855
-0.3147
1.30335
0.437048
1.58982
-0.567276
1.12817
-1.36177
0.103523
0.946308
0.946563
0.889118
-0.887149
1.43245
-0.503378
-0.271676
-0.125508
0.654294
0.823447
-1.75677
0.310117
0.825749
1.21884
-1.09674
-0.0557284
-0.129518
-1.18406
1.02377
-0.591828
0.54763
0.422638
0.800372
0.747688
1.17175
0.920139
2.20348
0.563101
-0.326934
0.343396
-1.11195
3.31694
1.36531
2.04503
0.680598
-1.81762
-0.716038
0.798147
0.63745
0.0742791
0.880606
0.90743
1.05538
1.11932
0.440158
0.106145
0.135835
0.735249
0.490767
0.0722239
-0.457688
1.5716
0.61073
-1.29587
1.77026
-0.126015
0.0813185
-0.917051
0.861858
-1.02875
2.73168
-0.354953
1.18308
-0.406578
-0.444225
0.034243
0.167649
0.775372
-0.0878879
1.21668
0.419125
-0.62925
-0.401848
1.27852
0.935503
-0.72623
0.222446
-0.141625
-1.02528
1.61819
0.997816
0.190554
1.83311
1.08624
0.850663
1.78123
0.367045
1.52369
-1.71227
1.5276
1.82093
-0.244818
-1.54436
-1.30441
0.859095
-0.559313
-0.149591
0.97931
-2.00973
0.107752
0.699827
0.339226
1.10594
-0.973194
-0.812668
-1.30871
-0.80225
-1.55469
-0.676716
0.307181
0.0875992
0.685188
0.870318
-0.0663808
0.242746
-1.08141
-0.858242
0.636736
-1.13079
0.108638
2.15101
1.29302
-0.896127
0.639043
-0.409451
-0.110179
1.09168
1.99977
-1.04658
-0.00433175
-0.140954
-0.63152
-0.922051
0.52428
0.0286218
1.20865
0.238416
1.76793
0.958402
0.138293
-1.13768
2.49243
1.1554
2.53685
-1.0107
0.441954
-0.221945
1.08857
1.41442
0.374143
0.401048
-0.624401
-1.15197
-0.161701
0.823124
0.327876
0.398958
0.11877
0.878186
0.553681
-1.11038
1.39379
0.81193
-1.29259
1.49565
-1.73958
-0.319249
-1.38792
2.15239
1.17549
0.691011
-0.0320986
-1.3872
0.802829
-0.963749
0.0712846
0.4278
-0.297399
0.67126
-0.342721
-0.581495
2.8515
1.37287
0.175229
-1.06269
0.751217
-1.33798
0.108305
0.817943
0.381259
1.17558
2.17944
-0.179144
-1.64995
0.805576
0.848558
-0.237202
-0.28887
-0.495095
-0.0966807
0.139432
-1.77462
0.768943
0.108227
1.11612
-1.02056
0.320886
-0.47574
-0.888564
-0.596174
-0.0576948
-2.13369
0.440174
0.297518
2.04165
0.589768
0.528028
0.659666
-1.53796
2.29533
0.0661115
-0.44171
1.34608
2.51624
1.59161
1.39435
0.9128
-0.830178
-0.792452
-2.17001
0.851621
-1.35354
1.43815
1.7676
0.653836
0.448268
0.850065
-1.12048
0.977612
0.0762052
0.42181
1.12934
1.19617
0.78654
0.184813
-1.32652
-0.362423
1.26109
0.14104
-0.183844
-0.116657
-0.0968118
-1.16856
2.05614
-0.627744
-1.19082
-0.131358
0.809979
0.659647
0.794649
-0.501726
-0.365816
-0.57981
-1.53385
1.42558
-1.47784
-0.723776
-0.559929
-0.995739
-0.836158
-0.0350137
-0.562649
-1.63467
1.82778
-0.453144
-0.372892
1.62845
0.0069644
1.60035
0.184187
0.063425
-0.0306753
0.911759
0.262639
0.743387
1.53592
-1.82283
0.0523981
-1.988
-0.457295
-1.2023
2.17423
-2.46705
-0.566488
0.959489
-1.58955
0.361973
0.575964
-2.69636
0.710772
3.5052
-0.91088
-0.0893375
0.597022
0.755121
1.98097
0.630799
0.716898
0.938771
0.514294
-0.147212
0.481574
-0.361116
-1.36898
0.171237
-0.507427
-0.141409
0.274514
-0.208493
0.611121
1.27399
-0.188397
-0.497645
-0.925819
-0.261499
1.62554
-0.600571
-0.650677
1.67738
1.41291
-0.407255
1.12635
0.243831
-0.311754
-1.08021
-1.1982
0.0116282
-0.596282
1.98212
0.292213
-0.0590707
-0.748628
0.986797
-2.75654
0.132005
0.431125
0.577786
0.730155
-1.09622
-0.0364573
0.552037
2.44866
-1.27658
-0.888066
0.554021
-1.35288
1.48019
-0.442356
0.501808
1.03279
-0.47727
0.0984763
2.54573
0.519844
0.635828
-0.490135
-0.410708
0.684392
0.783975
-0.343959
0.176826
1.11928
-0.390608
-1.11374
1.74356
1.79188
-1.18602
0.46914
-1.37251
-0.924509
-0.885838
-1.56109
-0.753007
0.212232
1.08958
0.0234659
0.557263
0.506248
1.32377
0.549549
-0.233353
0.599792
0.7403
-0.785005
1.14919
-0.918183
0.686912
0.128628
0.276046
0.918008
0.282636
1.03355
0.0535266
1.43484
0.308873
-0.823304
-0.0349271
0.864803
0.376956
-0.0290151
-0.0942607
0.518181
0.183969
-0.552552
0.825702
0.488757
-1.90638
0.603434
-1.18495
0.236156
0.907239
1.10566
-1.45023
-0.289507
1.01438
1.35163
1.36794
0.595702
1.51661
-0.464384
0.50398
-0.454854
0.548559
0.693916
0.292794
1.46694
-0.854727
0.554483
0.135107
-2.16184
2.82081
0.785628
1.96442
0.607813
2.29063
0.263274
0.27585
-0.33967
1.69329
-1.30725
0.577427
1.27047
-0.286763
-0.869776
0.73791
2.47627
-0.0802444
0.575689
-0.503075
-0.139208
1.19689
-1.34369
-2.2015
0.499531
-0.835202
-0.294953
-1.35154
1.01571
-0.904232
0.328179
1.25884
-0.287642
-1.1498
0.852739
1.67864
0.848652
-0.28146
0.200981
-0.306127
-0.54542
-0.0317764
0.533437
0.614419
0.670649
-1.39003
2.12314
0.429915
-0.969877
-0.407971
-0.702375
1.10504
-0.298491
-0.560105
0.146963
0.719854
0.780526
0.318704
0.465945
-1.56294
-0.493553
-0.309457
-0.560295
-0.727231
0.252869
-1.17932
0.546638
0.331895
0.0676514
-1.88455
0.357899
-0.996914
-0.0562546
0.482707
2.53485
0.0232617
0.201667
0.0606545
-1.82659
1.39533
0.230292
0.569628
-0.175723
0.0442131
-2.19021
1.24019
1.65388
0.357664
-0.259479
1.1425
0.0440789
2.20015
-0.0130212
-0.958258
0.545694
-0.0701581
0.603323
0.866352
-0.86749
-1.08702
0.727
1.08765
-0.126515
2.7961
1.50938
-0.432963
1.40248
-0.10745
-1.1201
-1.19001
1.29107
-0.324064
-0.627506
1.38089
0.0753296
-0.330595
0.754353
-1.79756
0.542102
0.193477
0.452481
-0.575495
-0.600722
0.874279
0.538
0.064621
-0.148107
0.681368
-1.54057
-0.548609
0.642196
-0.0881705
2.21769
1.23236
-1.09697
-0.105608
0.118452
-0.00225408
0.371208
1.8503
1.37523
-1.58947
-0.502007
1.91928
0.0608745
0.615175
-0.683418
-1.18577
0.125402
1.05285
1.0042
-0.12419
-0.602348
-1.26327
1.05352
-0.26249
1.42101
-1.85739
2.48933
0.719213
1.20833
1.96801
-2.50838
0.213234
-1.87531
0.566992
-1.73769
0.748754
-0.989496
-1.14098
1.74226
0.714961
2.63704
1.39784
2.79701
0.029395
-0.482584
0.406513
-0.63577
1.92702
-0.756396
0.868258
0.534534
-0.27897
2.27181
-0.978201
-0.981652
0.807296
-1.44701
1.81451
2.85199
-0.508974
-0.822593
0.504827
-0.442101
0.142669
0.877984
1.3733
-1.85952
-1.18339
0.531597
1.40468
0.0810352
-0.35075
0.0964014
-0.209748
1.07917
-0.443526
1.82771
0.381738
0.0615726
-0.268477
0.613177
0.609599
-0.49816
2.09713
0.472203
0.400623
-1.09292
-1.23916
1.00475
2.21571
1.12369
-2.0079
1.10969
1.44933
2.05016
-0.350964
-1.34938
0.0398884
1.88082
-1.55614
-0.801598
1.32468
-0.636638
-1.51555
0.410555
-0.83237
-0.965329
0.494908
-0.441084
0.87121
1.23117
-0.713713
-1.59861
1.37682
-0.50416
0.0388837
-0.407729
-1.44842
-0.222268
-1.27336
-0.731302
0.296456
1.09156
-0.214088
1.86045
1.00571
0.0459979
0.260337
-0.63811
0.0950375
0.662209
0.479732
0.587179
-2.12727
1.93647
0.108391
0.908317
0.855784
0.87988
1.13883
0.0850639
0.54942
0.120238
-1.31899
0.535095
1.23804
-0.722818
-0.263269
0.484643
0.0208268
0.456068
0.0138535
-0.536585
-0.740477
1.12349
0.577404
-1.61166
0.254559
1.37378
-1.23651
-0.0235657
0.667788
-1.31017
-0.915193
1.72204
1.58
-1.1636
-1.13295
1.82719
-0.887821
-1.01797
-0.907124
0.994389
1.34645
1.85812
-1.06701
0.505507
1.8078
-0.139328
-0.179097
0.0156201
-0.376652
0.492715
-0.498631
-0.0504541
-1.70378
-1.23929
-0.507476
-0.649619
1.51763
0.675483
0.35365
-0.0681587
0.75324
-0.178078
-1.04232
0.907948
1.36878
-0.191225
-1.17709
0.750283
1.09668
1.9284
-1.7633
0.639409
-0.987118
1.24276
1.13067
-0.474987
0.569326
0.282614
0.20415
0.0657521
-0.0232572
-1.09176
0.221904
-0.454187
1.49864
0.0810375
-0.297924
0.805235
-0.310754
1.52415
1.12384
2.19356
-1.39572
0.129716
-1.18195
-1.18986
1.59726
0.186579
-0.225055
0.248186
0.189093
-0.54755
0.235667
0.665553
1.69229
2.03548
-0.0884384
0.902053
-0.540644
-0.781494
-1.04899
0.379646
-1.09744
-1.0733
1.36753
-0.538448
-0.408743
1.57212
-0.976057
0.39828
3.72688
0.703449
-1.66218
0.705522
0.0826385
0.398236
-0.702392
0.204466
-0.20842
-0.30206
0.709141
-0.0940586
0.411607
-0.205045
-0.635055
1.42287
-2.01072
1.04499
1.08859
-1.16943
1.68157
0.450841
-0.852297
1.09791
1.87211
-0.196813
0.501231
2.54103
-0.723623
1.71804
0.431265
0.220985
-0.785089
2.16622
0.332364
-0.766816
-0.00953599
0.158182
-0.148174
-0.491003
-1.84984
0.241716
0.71291
-0.332344
-0.35897
-0.67685
1.16712
0.11064
-1.19416
-0.681031
1.84168
0.396907
0.644036
0.725993
0.0883522
0.188815
-1.61637
1.24172
1.67979
-0.70164
0.250034
0.444374
-0.212685
-0.556975
-0.0463235
0.349641
2.07937
1.19788
2.11151
1.42291
1.3748
0.810772
1.81978
-0.744848
0.529871
-0.0218167
0.469205
-0.660166
-0.651074
1.66174
2.96247
-1.08621
0.90958
1.75043
0.319087
1.28456
-0.931182
-1.30473
0.710981
-0.799184
-1.23768
-1.05382
-0.0508883
-1.40339
0.033383
0.360631
-0.807874
0.913356
1.53348
1.08528
0.703699
-0.0983317
-0.88336
-0.677994
1.18623
0.242571
1.74699
0.0652145
1.4938
-1.0136
1.03122
0.347517
-0.408584
0.833622
1.06686
1.068
-0.110621
0.628497
-1.08212
-1.4725
1.79321
-1.51712
-1.8797
0.819338
0.380483
-1.57633
1.20045
0.675501
0.534039
1.51604
1.08404
-1.43788
-0.351659
-0.16328
-1.53719
1.38237
0.732882
0.586232
-1.52192
-0.0394255
0.389088
1.95831
0.695265
-0.393743
0.294826
1.50284
-0.104578
0.0365355
1.33387
0.856288
-0.804468
0.53642
0.49525
-0.0639741
-0.0856349
1.34882
1.21996
2.74476
0.217742
0.0367753
-0.441816
-2.54445
1.31036
-0.654232
-0.6909
-0.169943
-1.93582
1.41884
-0.356659
-0.337546
-0.169428
0.11069
-0.175869
-0.587721
0.333656
-0.0602378
1.5871
0.0796115
-0.580703
0.557553
-1.02075
-1.09251
0.485085
-0.578358
1.33305
-0.561563
-0.371427
2.76254
0.658002
0.919499
2.07753
-0.354218
-0.674455
-0.720019
0.808011
-0.00914263
-0.238457
-0.384033
-1.16181
1.67464
0.290263
-0.119682
-1.2551
0.76265
1.14519
-0.841531
-0.175272
-2.73074
0.496398
1.90388
-1.00525
-0.855239
-1.66884
-1.35933
0.863281
0.724928
0.443383
0.950174
-0.00188145
0.91534
1.06181
-0.737812
2.35301
-0.401261
-1.96955
0.580161
0.0197193
0.461139
1.6802
0.725934
-0.792603
0.662597
0.991222
-0.454322
1.20593
0.789631
1.18899
0.590353
-0.244526
0.205178
-0.354823
0.256029
0.310647
0.905462
-0.590887
1.38955
-0.979024
0.915678
-1.49436
0.9601
-0.361663
0.857714
-0.786897
-2.80871
-0.325956
0.985978
-0.237689
-0.29335
0.360503
0.671256
0.138674
-0.227269
-0.488075
-1.07972
-0.233129
0.898509
0.0172115
-0.149423
0.864554
1.70083
0.201037
0.884507
0.920772
0.662344
-1.08273
-0.20293
0.035141
2.3304
1.98824
-0.190229
1.18595
0.64887
1.02863
0.159872
-1.1335
-0.134762
0.848718
0.679142
0.416724
-0.289401
0.194186
-0.335975
0.708265
-0.16931
0.526247
-0.870503
-1.64699
1.49325
-0.293294
1.51795
-0.463437
-1.12112
2.23212
2.00474
-0.461958
2.06246
-0.111007
0.82688
-0.217754
0.0692306
-0.204986
0.294298
0.0763529
0.221279
-1.69225
1.47951
0.0673825
1.29757
1.05703
-0.84938
1.71102
-1.15541
-0.233086
-0.0678582
1.02826
0.38427
-0.856944
-1.25511
-0.48365
0.166649
0.971372
-1.90282
0.0512794
-1.3065
-0.252626
-0.585663
-0.836922
1.60856
-0.852256
-2.5855
-0.899139
0.632231
0.925085
-0.170473
1.60254
-0.0616716
1.09397
0.0745711
0.165446
0.0307796
0.69491
1.05576
-1.32088
-0.727138
-1.8149
-0.37936
1.4982
-0.213273
-0.0941393
1.38881
-0.933366
-0.105226
2.80761
1.09391
-0.469868
-0.271321
0.393241
0.977651
-1.59109
0.175018
1.65442
0.532225
-1.07983
0.394562
-0.0169888
-0.0674692
0.915093
0.086146
-0.956343
1.11087
0.180094
0.896918
-1.69378
1.74053
-0.516509
-1.1449
-0.4992
-0.314604
3.07901
1.1008
-0.930356
1.68369
-0.33106
2.11206
0.656845
2.9126
-0.13249
0.112263
-0.969951
0.327807
3.17035
0.0276474
-0.0721487
-0.411968
-0.0462059
-1.11394
-1.11584
0.258234
0.67133
1.40505
-1.44502
0.1784
-0.416704
-0.513434
-0.0669564
0.67355
-0.930354
0.203211
-1.97785
3.06267
0.0266418
0.99127
0.0457249
-0.0752684
0.569499
1.77041
-1.19312
-0.259248
0.401692
0.243928
-0.830412
1.76066
1.62078
-0.460533
0.325373
2.26952
2.28297
-2.1454
-1.08082
-0.662368
0.999735
1.17055
1.59623
0.646196
-1.57191
-0.697939
-1.1096
0.0721532
-1.19314
1.22458
-0.980445
-0.814431
-0.369108
-0.524619
0.866371
1.51765
0.22268
1.19466
-1.35383
-1.21832
1.04914
-0.0728469
1.06669
-2.19691
-2.24945
1.56405
0.503662
-0.521023
-0.590502
1.04967
-0.84616
0.935899
1.06118
1.01219
2.03456
0.261768
-2.20452
-0.738488
-0.162987
1.82153
-2.10588
-0.374242
-2.00313
0.252159
-1.18128
-2.25134
1.9173
-1.02354
-0.415381
-0.640201
-0.417499
-1.01656
-1.85287
-1.37573
1.16791
0.260891
-0.24326
-0.210682
-0.690164
-0.544443
-0.464218
1.8058
-0.028497
-0.84882
0.105908
0.579527
0.788785
-0.517176
0.85473
-0.975998
-0.0306588
-0.887008
1.39712
-0.104219
-0.885087
2.20278
1.7578
0.554018
-1.4316
1.03507
-0.621211
-1.29014
0.895406
-0.395892
0.77178
-0.2273
-1.77121
0.622274
-0.676553
0.129101
1.01421
0.190622
-0.583235
-0.152786
2.52714
1.35626
-1.63299
-0.196765
2.42215
0.527974
-0.385357
0.214853
0.666411
-0.228066
-0.0748856
1.95257
-0.63988
-1.8062
-0.609966
1.68118
-1.03549
-0.250213
1.4481
0.0882942
-1.62778
0.802804
1.54393
0.711863
0.339642
-0.984714
0.980799
-0.883133
0.653445
1.49013
0.747372
0.911302
-0.259521
-0.300946
-3.01181
-0.875909
-0.191769
-1.14514
0.106444
0.86949
-0.366667
1.32718
-0.599552
-1.64181
-1.88309
-0.340876
0.744971
1.80093
-1.11996
1.21158
0.396254
0.42008
1.39123
0.465889
1.37319
0.670362
-0.105705
-1.19787
0.726454
2.05741
1.30995
1.67882
1.61863
-0.885019
0.492998
1.11079
-0.209122
0.697096
1.46225
-0.0212788
0.32055
0.0133729
1.4481
0.0156683
2.18481
-0.142637
0.617207
0.174213
0.425383
-0.0807961
-0.500981
-0.487683
-1.20581
-0.518673
-1.31022
0.271524
2.06566
1.45592
-0.0405708
-0.0469443
-0.135632
-0.0652851
0.554217
1.52887
0.548627
0.78049
1.749
1.03492
-0.165395
0.626112
1.04227
-1.26799
0.680771
-1.06626
-0.321731
0.785128
-0.871059
0.902184
-0.865717
-1.16438
1.52517
-1.14807
0.207655
-0.813823
0.457838
-0.20953
-0.205278
-0.760672
0.472134
-1.00361
0.72054
-0.596989
-1.48281
-0.719127
0.575884
-0.344348
-0.414526
0.979986
0.824977
-0.835701
1.86735
0.309269
1.84446
-1.43726
-1.68683
-1.26066
0.235946
0.552277
1.50737
-0.784999
1.67868
-0.437623
-0.0872958
-0.11311
0.9853
-1.14044
-0.805535
-0.160955
-1.25084
-0.149675
0.481246
-0.050823
-0.632207
0.789162
-0.523477
1.98868
0.947412
-0.969627
-1.22054
0.281664
-0.724915
1.71273
0.408493
-0.108961
-0.0314275
-0.80648
1.22115
-1.57492
0.880821
-3.15003
0.00036958
0.267958
0.959856
-0.193803
1.63379
1.46521
1.03815
0.741096
0.99583
0.354626
-0.709594
-0.855647
1.49284
-0.0988124
0.803835
-0.285267
0.661945
0.656524
-0.909824
0.649236
0.357149
-1.09548
-1.00893
-0.771663
2.21427
0.773068
-1.11572
0.89039
-0.556318
3.0069
-0.18262
2.08814
0.419203
-1.1913
0.550626
-1.27217
0.059637
0.193799
-0.351104
-1.37341
-0.548181
0.158825
2.48873
-0.375682
1.62173
0.478695
0.930147
-0.651362
-0.0793517
2.58839
-0.733795
-0.912829
-0.836027
1.6032
0.0917017
-0.339293
-1.05316
0.336219
-1.23891
0.6153
0.239145
0.23238
0.687413
0.758462
1.07372
0.273452
0.770183
-1.50742
0.0995416
0.935065
-0.609706
-0.0637558
1.91618
0.780162
0.907778
-0.757226
1.09775
1.21192
0.527781
1.57305
2.05047
0.742198
0.586509
-0.383496
1.11073
1.48124
1.54246
0.0687103
0.00871319
-2.17399
1.06477
0.607642
0.806817
1.87104
-0.264257
-0.165685
0.184369
-0.204323
0.137984
1.45928
-0.307517
-0.0876365
-1.13734
-0.543541
-0.500287
0.470025
-0.0109073
-0.381776
0.550706
-0.0561385
-0.231718
0.187377
0.522209
0.062104
-0.609011
-1.10134
3.04755
-0.163352
0.783808
0.755181
-1.25252
0.372015
-0.651201
-0.305466
-0.694747
-0.295801
-1.624
0.320137
-0.913266
-0.309134
2.84488
-0.175589
0.805721
-1.46234
0.495928
-0.175245
-0.0262336
-0.0385522
0.792091
0.458461
-0.0137086
-0.720103
-1.15285
-0.505951
-0.661057
0.831272
-0.779556
-0.0142469
0.466691
0.694111
0.831798
1.90362
-1.43084
-1.54055
-0.803584
1.94248
-2.05931
1.14639
0.914531
0.0266085
-0.438452
0.237137
1.38736
-0.102543
-1.03662
1.77938
1.16209
2.20289
0.730752
-1.86748
-0.172572
0.441438
0.071542
-0.199889
-1.33942
0.936642
1.2735
0.0231074
-0.592862
-0.199658
-0.895984
-0.406717
-0.283063
2.46929
1.60535
0.487512
0.303164
-0.603949
-3.04422
-0.101687
-0.323965
-0.0176614
1.97587
-2.09024
-0.900379
-0.207429
0.33505
0.916395
-0.271083
0.19605
-0.163655
-0.15837
0.817045
0.80496
0.245722
-0.359745
-0.35316
0.206969
1.34231
0.155449
-0.206859
1.28092
0.835747
-0.402167
-0.508023
2.21051
1.13209
-0.920115
0.921456
0.673404
1.08115
-0.223021
-1.72429
1.80554
0.0223881
1.28628
0.015048
0.871303
-0.469974
0.729219
-1.34336
-0.169866
0.7589
0.712846
0.169987
-1.93992
0.906127
1.1131
0.333441
0.278016
1.15663
-0.329385
-0.577193
-0.405401
0.652234
1.18336
-0.427773
-0.68194
0.0721554
1.00523
0.969102
-1.37982
1.34374
1.24331
2.15583
-1.50123
1.84042
2.07381
-0.399855
0.946217
-0.410894
0.909791
0.491538
0.132729
-2.69543
-0.926602
-2.09632
1.3382
0.159815
0.630363
1.99644
-1.94313
-0.839776
-0.621869
-0.30402
-0.469259
-0.497825
0.875113
1.70663
1.27503
0.0420256
-1.76605
1.03702
-1.47174
0.0853966
0.601014
-1.384
0.513623
-0.0479711
1.97923
-0.360246
0.538036
0.268175
1.04469
0.121483
-0.84736
-0.0632359
1.68461
1.2735
1.08181
1.51614
-0.386342
0.299867
-1.34865
0.999863
-0.00410405
0.286842
1.89682
-1.31795
-0.464617
1.25927
-0.778197
0.705182
0.432605
-0.125702
0.514004
1.50919
-0.965538
-0.373263
0.143905
0.779529
0.873018
-0.95885
-1.32301
2.17126
0.408673
-0.0158391
-1.21276
1.4154
0.470399
1.84788
1.18865
0.544586
-0.656558
0.636652
0.312948
-0.211344
-0.960944
-0.542908
-1.04907
-1.17973
1.33607
0.138677
0.0567223
0.25301
-0.407334
0.456325
1.02467
0.606082
1.09839
1.5008
-1.15891
-0.203584
0.053931
-0.841426
-0.703279
0.760926
0.635875
0.321455
-1.81803
0.373945
0.831768
2.08382
0.0399326
0.799924
0.606614
2.08835
-0.255501
0.540483
-0.302895
-0.316339
2.68634
0.109354
0.659069
-0.813706
-1.4474
-0.0243568
-1.44676
1.14469
0.344714
-0.0338836
0.351251
-0.0505994
1.65805
0.363485
1.63048
0.445418
0.273942
1.11252
-2.37046
-0.301581
0.946548
-0.682741
-0.17974
-0.215399
2.65872
0.410309
-0.598979
0.530949
-1.54599
-1.82651
1.02962
-0.15937
-0.986089
-0.776048
-0.527352
-0.654838
0.285526
2.35533
-0.126882
-1.00303
2.04904
-0.223988
0.249144
0.28686
0.125673
1.77993
2.30113
-2.16647
0.233213
1.4649
0.3231
1.72857
-1.08017
0.72534
0.00793302
1.42012
0.703382
-0.698877
2.15418
-0.396282
0.297682
-1.18699
-1.05987
-0.349661
-0.124645
-0.0590521
1.04449
-1.46777
0.49785
-0.241356
-1.27533
1.45685
1.17662
-0.0546706
-0.384708
1.63378
0.0728869
1.58008
-1.45521
-2.11056
-0.421203
-0.501738
0.301623
2.34541
-0.596328
-1.25974
-0.28082
0.48888
0.700788
0.450469
1.12997
-2.51409
-0.471176
0.640521
1.23411
0.308356
0.888178
-0.173095
3.03554
0.22629
-0.650274
0.616792
1.3395
-2.54612
1.61086
1.46456
0.580391
1.45303
0.308824
-0.394635
-1.43271
2.16377
-0.482031
-0.222842
-2.00582
0.501405
1.01727
0.755677
-0.0194525
2.55884
-0.278742
2.05036
-0.326919
2.20648
0.725892
-0.501353
-0.456631
0.573412
-1.297
0.583441
0.570725
1.10614
-1.66939
0.193014
2.57167
-0.192792
-0.831794
0.177833
-0.58009
-1.45959
0.237655
-1.61267
0.633295
-0.150509
0.325659
-0.0924573
0.51539
0.54257
1.52181
-0.935481
-1.69718
-0.59236
-1.28145
0.191312
-0.743531
0.524111
-0.618437
1.86793
-1.29034
-0.0759241
1.2563
0.664622
1.08177
-0.837435
0.973729
0.887238
0.200778
0.125077
0.713024
0.733147
0.489825
-0.44424
-1.82852
1.36073
-0.835183
-1.25092
0.389276
-0.374378
0.0861987
-0.481907
0.146286
0.222994
1.37565
0.166196
1.80631
0.720074
-1.93412
0.712435
-0.127217
-1.0337
0.276932
-1.82278
-1.05143
1.88537
0.762166
0.174754
0.034853
0.805569
0.251677
1.89638
-1.70056
1.45103
-0.96067
0.267821
-0.6296
0.317786
1.58909
-0.889386
-1.34793
-0.630831
0.0980771
-0.331194
1.53743
-1.02814
-0.641349
0.238786
1.00357
0.92652
0.168724
-0.755316
2.06261
0.200595
-0.0113189
-0.811305
-0.259459
-0.187412
1.69301
0.62093
-0.0123989
1.062
-0.242891
-0.672097
-0.563035
0.297194
-0.734841
-1.02252
-0.712475
-0.389056
1.48309
-0.473044
2.39353
1.01106
0.791602
0.835831
-0.175151
-0.798616
-0.879098
0.0227637
1.12388
0.79966
0.393483
1.01877
-1.05399
-0.224533
1.62192
1.39876
0.530309
0.0661188
1.00331
0.535917
0.764485
2.15545
-1.77978
-0.930915
-0.696692
0.178644
0.560323
1.0393
0.665345
0.226792
-0.740194
0.965422
1.45542
-1.70643
-0.934638
0.730033
0.492013
-0.136708
-0.138173
-0.7785
-1.17749
-0.763801
0.142933
0.856451
0.623053
0.518252
-0.578293
-0.908477
0.13727
0.877322
0.579977
0.654191
1.34338
-0.499654
1.51738
-0.20491
0.0401667
0.712025
-0.641604
1.03409
0.851218
-0.55699
2.902
0.0312149
0.870193
0.44435
1.80757
-1.19967
-1.4056
-0.0429512
0.0659808
0.516341
-0.273063
0.74541
-1.11395
0.984558
0.0844009
0.272505
-1.00879
2.15338
-1.0845
-0.268862
-0.164033
-0.311614
2.89836
2.15175
-0.0473862
0.986432
-1.14824
-0.0462862
1.6464
-0.370389
-0.0993224
0.932516
0.304122
0.0582383
1.68869
-0.493226
0.446759
-1.56226
1.05888
-0.654514
2.85605
-1.37204
0.529368
-0.536133
-0.947298
0.173034
-0.210612
-0.182167
1.09876
1.39992
-0.0399483
1.7194
0.667356
-0.664518
0.073658
-1.9872
1.28437
1.45443
-0.840383
0.0873773
1.91795
-1.15778
2.45517
1.80138
-0.262272
0.120128
-0.179944
0.0868786
-0.194162
-1.48874
1.32817
-1.40778
0.0270764
-1.62207
3.42429
-0.354266
0.772269
-0.537981
4.1063
1.87003
1.29071
0.330146
-0.461476
0.794792
0.743251
0.554379
0.996763
0.664751
-0.130428
0.547787
1.47038
1.35989
1.58203
0.96208
0.52061
0.0637196
1.23229
-0.304801
1.26824
0.357982
1.1447
1.33677
0.67321
0.347058
-0.717914
-0.148391
0.332027
-2.34644
-0.533277
-0.165513
-0.172736
2.99359
0.366342
-1.04999
1.61684
1.447
0.0213933
-1.91287
-0.785714
-0.119199
0.586066
0.143048
0.849498
2.28616
0.522745
0.388071
0.810266
1.33658
1.01378
1.38372
-1.06735
-0.44626
1.63359
-0.155187
-0.367094
0.813368
0.00200316
0.0167556
0.692619
0.472912
0.791203
-0.376406
1.90822
-0.914106
1.01929
1.10706
0.761271
-1.03225
-0.264956
0.458224
0.570766
-0.861561
-1.39568
0.196625
1.35051
-1.33748
2.18915
1.3367
1.2376
-1.05992
1.37961
1.29066
0.0567992
0.744434
-0.356943
0.403949
-1.084
-1.44169
0.400237
-0.619389
-1.01636
-1.10784
-0.357849
-0.33081
-0.138584
1.03528
0.900104
2.60325
-0.870232
-1.98357
-1.05276
-0.369288
-0.830379
-0.617032
0.399472
1.78217
0.662556
0.453791
0.537715
-0.358445
-0.747863
0.0770886
0.409981
-1.09173
-0.0941949
-1.01126
0.561274
0.644124
-0.283354
-0.977659
-0.45644
-1.12235
1.79628
0.0590159
-1.97967
-0.0883573
-0.309513
-0.56581
-1.49163
0.256734
3.41466
-0.665967
-0.361899
-0.0402047
0.395742
-0.010826
-0.397524
0.090628
-0.290051
1.36122
-1.26512
0.34118
0.546125
0.451001
-0.621697
-0.189772
-0.057423
1.04368
2.24139
-1.14003
-0.216387
1.89262
-1.43013
0.613004
0.299959
-0.00788419
1.73258
-1.58072
0.776076
0.960556
1.10352
-1.80672
1.45161
0.712254
-1.04991
0.536016
-1.32466
-0.707265
0.334497
1.1056
3.19488
2.03289
2.46101
0.630522
-0.670712
0.836387
0.763612
0.250806
2.51986
-0.377445
-1.12563
1.95911
0.762039
-3.2561
0.517423
-0.938443
-0.105396
0.130543
-1.11494
-0.746699
0.967346
0.354681
1.05895
0.0231177
0.168886
-0.240072
0.423383
0.869081
-0.18062
-1.20562
-0.624416
-0.488934
0.443225
-1.28708
0.6369
0.522649
-0.704395
0.424179
2.79181
2.25724
1.62577
2.30966
0.0852379
0.455238
-1.90563
-1.04478
-1.04705
0.266738
0.72867
-0.313766
-0.416153
1.12184
2.84418
-0.175024
0.114737
-0.486763
1.9916
0.888144
0.0771229
0.0774547
-0.386246
0.433644
0.498609
-1.17584
-2.42449
-1.56479
0.879292
1.13505
1.06009
0.308693
1.75679
-0.888434
0.291757
0.0209583
0.220329
-1.37454
0.445156
-1.97453
1.60354
0.862265
1.9186
-0.694768
-0.267417
-1.11999
-0.967384
1.5826
-2.12329
0.448419
-1.44954
-1.86881
-1.10778
-1.41179
-0.734148
1.2252
0.555266
-0.399932
-0.221649
-0.875507
0.108586
-0.438866
-1.441
-1.43805
0.320886
0.370492
-0.123382
0.512424
1.22005
-0.988917
-0.051223
0.201023
1.85252
-0.594465
-0.777429
-1.08067
1.68655
-0.233543
-0.471787
2.7216
0.221012
1.01523
0.725919
1.39886
-1.4511
0.371704
-1.84466
-0.595456
1.41249
1.51883
0.392529
-0.512567
1.9846
1.94563
1.01206
0.592268
0.736242
-0.0689881
1.04355
2.97666
0.814029
0.847227
0.499783
-1.8689
0.17229
0.24029
0.814841
-0.431521
0.552882
-0.125877
0.306021
0.154476
-1.40461
1.17621
-1.26066
0.373052
0.557701
-0.127788
-0.475483
-1.13176
-0.374598
0.931798
0.535837
-0.0551155
-0.362613
0.284087
1.32573
0.273575
-2.0606
-1.94107
-0.822028
-0.0312306
-0.00783964
0.215819
0.58881
0.00169234
1.94206
-0.366115
-0.32835
2.33817
-0.6416
-1.54597
1.07446
0.240053
0.534669
-1.12264
-0.381311
0.00973076
-0.544646
0.68397
0.104676
1.05069
1.15516
-0.773496
0.23781
1.36845
0.00245969
0.486497
1.39011
-0.373694
1.08416
0.522914
0.949579
0.187571
-0.00650552
1.82239
0.932685
-1.09621
0.336006
-0.24077
-1.62823
-0.491713
0.555692
-0.0316101
-0.74094
1.26337
-0.930486
-0.022136
1.49267
-1.66902
1.1226
-1.8084
-0.75284
-0.471252
-0.0284117
-1.44254
2.06957
-2.50976
-0.722707
-0.491356
0.958867
1.17691
0.109058
1.9268
-0.378399
-0.00197274
0.101608
0.330611
0.0518174
0.0251408
1.53262
0.969008
1.26172
-1.35624
-0.396603
0.874859
0.505774
-0.130999
-0.327186
0.0103066
-0.813283
1.86288
2.00736
-0.68176
-0.309514
0.362564
1.57211
1.00832
0.222117
-1.67401
-0.513802
-0.733772
1.05746
0.467873
1.30198
0.52597
0.641625
-1.18911
1.37171
-0.861784
2.38155
1.58258
-0.655022
-0.939423
1.29206
-1.26753
2.28629
1.55113
1.18061
-0.37758
-0.736125
0.684735
0.901988
-0.76145
1.81893
-0.669127
0.438081
0.191541
0.0949423
-0.577117
1.37646
-1.08107
0.330508
-0.245728
0.189507
0.917345
1.99031
-0.0478528
-0.721926
3.18097
-1.539
0.920884
-0.647445
0.0226344
0.29629
-0.0381464
0.703581
-1.08306
-0.382324
0.683856
-1.20804
-1.74139
0.417696
0.500287
2.74827
-0.254208
-0.925016
2.33261
-2.17506
1.0917
-0.985562
-0.234276
1.42894
-1.48799
0.299224
-1.71075
1.13807
0.857367
0.252964
0.361139
1.11104
1.36968
0.743997
-1.06618
1.27466
0.048473
0.0425478
-0.99114
0.932672
1.49063
0.77964
-0.262844
-0.128842
-1.28049
0.0631029
0.345805
0.43342
-2.031
0.244543
-1.22029
-0.709243
-0.852098
-0.436557
-1.37531
1.18017
2.19165
-1.51866
0.675053
-0.835855
1.90256
0.908176
2.61621
-0.0614731
-2.02145
0.220502
2.38383
0.841687
-0.188881
1.28009
0.621036
-0.542336
-0.41815
0.375253
1.97171
1.15833
-0.879643
3.14719
0.174561
0.553894
1.98706
1.00339
-0.0915399
-0.387524
-0.744206
1.02814
2.5745
3.19273
0.697378
-0.822339
-0.962067
0.313297
0.242556
2.4589
0.511121
0.603842
1.15492
-0.178165
-0.358935
1.2635
-0.821387
-1.65554
0.10739
2.81884
0.762091
-0.434729
0.809104
2.3496
0.304681
-0.254629
-0.329806
1.86814
-0.243038
1.82719
-1.53528
-0.0880697
-0.0107687
0.192415
0.161999
0.768251
0.410204
0.00706962
0.761503
-0.190347
-1.47422
-0.171658
1.47526
-0.895303
0.960106
0.0518385
-1.15979
-2.65227
-0.143942
-0.140355
1.19857
1.71972
-0.936646
-0.0347875
-0.0516055
1.90532
-1.18204
0.382367
-1.69914
1.13097
-0.430477
-0.746766
0.18023
1.46006
1.31713
-0.799464
-0.556215
1.91195
-0.8241
0.07246
1.14214
-0.285406
-1.36717
-0.05632
0.926393
-0.119841
-0.369891
0.455234
-1.2264
2.04056
-1.51437
-0.763238
0.316941
-0.960775
-0.313848
0.769816
-1.84083
-0.142811
1.13539
-0.28404
0.790672
-1.3456
-0.155525
0.34311
3.3883
-0.167581
1.3884
-1.61248
0.33642
0.831182
2.54088
1.08995
0.328888
-0.270531
1.49984
-0.167425
-0.56318
-1.66893
0.497648
-0.110428
1.68099
-0.121144
0.419107
1.30865
0.902389
1.01281
-0.425098
1.54235
-1.20658
-0.227177
-0.966149
2.97505
0.0593036
-0.490777
-1.31714
-0.316009
1.78207
2.56376
0.030687
0.655119
-1.14206
-0.918386
1.16614
1.36334
1.91551
-1.31326
-1.93682
0.569214
0.122128
-0.220585
1.46491
-0.200978
-1.61067
1.65057
0.549744
0.652193
-1.34572
-0.496163
0.0547306
0.219495
1.94819
0.568874
0.527065
0.960196
-0.245421
0.696374
-0.392556
1.08857
0.424774
-0.0412262
-0.71708
-1.18372
-0.938135
-0.0999894
-0.628456
0.418407
-1.46843
0.280007
-0.184508
-0.295129
-0.318653
1.01326
-0.643268
-0.372919
-1.33824
1.16228
-0.564706
-1.15479
2.06487
1.25729
-0.319698
-0.0772085
0.862638
1.15228
1.49105
-1.34275
0.984997
0.642188
0.155073
0.840188
0.158018
3.21663
-0.605534
-0.183035
0.916133
-0.0528584
1.14743
-0.400321
0.730566
2.12492
1.13986
0.564484
-0.420896
0.341382
-2.26657
-1.06301
-0.432626
-0.992781
-0.512599
1.16493
1.39102
0.142514
-0.308458
-0.031616
0.638172
-1.08441
-0.869949
1.62951
0.968129
0.0364574
0.30998
0.820945
-0.346083
0.204584
0.918382
-1.11582
0.664857
1.5055
0.680401
1.08533
0.288499
0.712223
1.52894
0.0866838
0.247095
0.667469
-1.2355
2.41425
-0.71015
-0.0179797
1.6846
0.406233
-0.542618
-0.077411
0.199559
-0.1839
2.58963
-0.16437
1.09606
0.634232
0.253516
0.242108
-0.0609059
1.42245
-0.550576
1.34838
-0.752061
1.95901
0.327407
-2.03012
0.895459
-1.39208
-0.0570755
0.580493
-0.437335
-0.473928
-0.0376141
0.223031
0.252574
0.24687
-0.0612618
0.31295
0.591062
0.290843
0.494942
1.50432
0.305
-1.0433
1.92298
-0.0461332
-0.780342
-1.48138
0.875257
0.0702252
0.649295
0.0895428
-0.813261
0.628089
0.119948
-0.917409
0.635628
0.834929
-1.02651
-0.202651
0.842528
0.578349
-0.406466
0.336724
0.258371
0.361381
0.0759219
1.11828
-0.990646
-0.973793
-2.51667
-0.201321
1.82171
-0.301668
2.72449
0.990691
-0.358563
-1.56852
-0.307799
-0.600487
0.957308
1.19312
2.16559
0.510207
-1.56236
0.591076
1.34266
-0.671003
0.479816
-1.37992
2.18308
0.45341
1.52747
-1.05229
1.13546
-1.45021
1.60178
-0.841383
-2.45018
-0.945637
-0.156412
-1.8038
-0.910024
-0.324776
-0.67285
0.250986
1.81924
0.0372665
1.65522
0.228571
0.746853
0.0256256
-0.289137
0.871164
-1.60476
1.06056
-0.41931
0.767397
-0.399333
-0.529122
-0.0601618
-0.253208
0.800371
-0.502361
0.696988
0.620844
-0.967495
0.848139
0.0112483
0.453563
-0.306128
1.2158
-0.487392
-0.645486
0.348293
1.45157
-0.346311
-0.0329627
0.587353
-0.158008
-0.594798
-0.235997
1.35037
-0.0729914
-1.69695
0.153059
0.978022
0.10866
0.123747
0.0619377
-1.34201
0.274363
-0.0766048
0.598331
-0.320852
1.38596
-0.577317
0.371569
0.7468
2.52161
0.355388
1.83827
2.44607
0.774608
-1.41797
-0.150474
0.284505
0.873409
0.959165
0.00960421
-2.02447
0.603167
1.94029
-1.004
-0.243671
1.21032
-2.00475
0.260727
-0.0409198
0.32004
-0.152173
0.849204
1.03692
0.851946
-0.193553
-0.242695
0.293805
1.56457
1.59397
-0.370719
1.12764
2.03108
-0.203228
1.48793
0.395791
0.155201
1.16369
1.36355
0.62645
1.74302
-0.172648
1.17168
-1.96321
0.537099
0.553068
-1.83292
-0.254954
0.188246
-0.474352
-0.111192
0.046062
-1.08158
1.62682
0.00324943
2.05323
0.234502
0.491491
0.297081
-0.541174
-1.2784
0.303175
-0.356549
-0.739324
0.135598
0.549358
-0.423132
0.22522
-1.39846
-0.0842107
-0.0725075
0.555555
0.88832
1.09678
-1.06861
-0.390364
-0.884351
-1.98117
0.518749
-0.792239
0.672391
1.0745
0.348527
1.27734
0.513713
-0.337538
1.66504
1.98543
0.965752
0.308431
0.656041
-0.524561
-0.0634415
0.0268067
0.233116
-1.35846
-0.901227
1.09333
-0.504343
0.341946
0.336504
-1.37605
0.532965
-1.50649
1.88995
2.47061
-0.258415
-0.543042
-2.46642
-0.529869
-0.242243
-1.15168
1.04522
1.0722
-0.255516
0.785271
0.355314
0.255111
0.360209
1.10324
1.15044
0.617773
-0.921248
-0.820127
-0.728032
-1.73858
-1.63095
1.09095
-0.28864
1.09412
-0.159087
-0.314941
-0.516808
-0.455665
-0.198959
0.34658
-0.894853
0.398752
0.90621
0.0568602
2.608
-0.123324
-0.340075
0.173143
-0.87601
-1.19569
0.155571
0.54647
-0.0260593
-1.7699
-0.853291
-0.83106
-1.84555
0.793401
0.647175
1.20577
-0.899028
-0.65392
2.33639
0.353432
0.593613
-2.71783
0.236853
-0.635741
0.57486
2.045
0.243101
0.547875
0.112203
-0.333683
-0.428873
-0.868777
0.319472
1.14257
1.05123
0.483787
-2.42353
0.186585
0.361237
1.50227
1.07259
1.15492
-0.204379
-0.0417477
0.811132
0.130487
-0.390877
-0.034648
-0.219379
-0.323612
0.168868
1.25317
-1.088
0.704727
0.239239
-1.15242
-0.20036
0.72386
1.12134
0.278138
-1.14655
1.03391
1.74461
1.04427
0.104534
-2.21115
0.602315
-0.383048
0.280513
0.430467
-0.545966
-0.515103
1.4822
-0.836284
-0.9165
1.4583
-0.495837
-0.703211
-1.01567
0.975892
1.89908
-0.493639
0.610864
1.1127
0.856535
-0.35687
0.0198487
0.573175
-0.824258
0.213392
1.23715
0.63925
1.26964
-1.79695
-0.35696
0.724517
-0.00178873
0.785486
1.1951
0.515789
0.482025
-1.32598
0.698618
0.0294191
1.17364
-0.138281
2.16234
-1.36577
1.44808
1.06801
-0.640811
0.758184
-0.85952
2.73398
0.338922
-0.0850058
0.174067
0.323207
0.197466
-1.13163
-0.456563
3.09119
-1.10749
-0.0482924
-1.23043
-0.622323
0.174612
1.28219
-0.389012
1.34248
-0.942916
-0.320388
0.0346911
-1.2303
-2.00497
1.06009
-1.04778
0.916025
1.33118
0.350237
-1.39008
1.26544
-0.418726
0.045821
-0.385003
-1.39307
0.143026
-0.766309
-0.472075
-1.30829
0.912879
1.01722
-0.558003
0.59188
-0.57285
0.324255
-0.65898
1.31269
-1.55487
-0.714028
1.81336
-1.67955
1.61288
0.400243
-0.602442
0.0150665
0.0987308
-0.633831
-0.548522
0.78292
-1.45464
-0.0698806
0.333722
1.1286
0.87377
1.5794
3.37911
-0.0297326
-0.700459
1.48487
1.47303
-0.287053
0.302027
-0.71259
0.0244004
0.408008
-0.0998534
1.18424
0.0508556
1.37074
1.05762
-1.69639
0.0305444
-0.888775
0.937384
-0.995109
1.90286
-0.264022
-2.3395
0.953009
-0.396389
0.319967
1.37344
0.931255
0.581556
1.1282
-2.38797
-0.238499
0.380752
1.6298
-1.09865
-1.54066
1.89116
0.224795
0.401468
1.29756
0.996024
1.24879
-0.956548
-1.22543
0.373079
-0.571625
0.581794
1.12065
1.96112
-0.230577
1.49582
1.08087
0.119961
0.574877
0.334073
0.110162
-1.2652
1.6947
1.4253
0.186263
-0.154917
1.49711
-0.393544
2.15611
0.816815
0.191329
-0.880129
1.05432
0.572751
-0.240056
1.92343
2.57623
1.56608
-0.312816
-1.37387
1.9595
0.498916
-1.62323
-0.702287
0.661905
-0.465904
0.22895
1.12424
-0.442996
-0.22136
0.867468
-1.28974
0.163289
-2.00658
-0.0813107
1.10919
1.11105
1.60839
0.171357
1.50477
0.803743
0.928419
1.40493
-2.92061
-0.0791287
-1.14495
-1.74018
-0.686211
0.653235
-0.33315
-1.12158
0.457498
0.129469
0.570306
0.566407
1.05756
-0.126191
0.646483
0.742841
1.82486
0.377434
0.723567
0.53041
-1.23046
-0.209471
0.0716442
-0.714807
-0.40786
-0.643161
-0.377752
1.43264
-1.14176
0.907859
-0.531959
-0.196538
-0.165741
1.71708
0.313412
-0.196588
0.0910736
-1.36576
1.24686
-2.25618
-0.76486
-0.0556584
-1.94137
-2.49295
0.64429
1.15593
1.14198
-0.209067
0.494234
0.180065
1.0619
0.76838
-0.324494
1.29645
3.13147
0.0741606
1.79441
1.10177
1.00227
-0.65366
0.605332
-1.66114
1.28994
1.27377
0.455168
1.0959
0.76319
-0.060201
1.62608
0.490855
1.0753
0.961172
-0.922061
-0.884563
0.908748
-0.35899
3.42318
-0.842513
1.08119
2.36603
-0.280911
-0.0613155
-0.365851
-1.14994
0.0518953
-1.43822
1.62398
0.0634806
-1.79122
1.24625
-0.394049
0.706293
-0.171119
-1.5151
-0.0697345
-1.38068
0.411082
-0.510359
1.49805
-0.897511
0.241463
-0.999507
0.419875
0.539855
0.911189
-1.27786
2.03172
-0.415662
1.24433
0.229288
-0.291778
1.56635
1.23958
-1.65653
-0.361148
0.295865
-0.351147
-1.67866
-1.55651
-0.158879
2.63202
0.99814
-0.705713
-0.950407
-0.795539
0.60265
0.0999352
-0.442158
-1.4468
1.23048
-0.188463
1.22773
0.546
-0.0740304
2.25213
-1.10764
-1.34771
2.45264
-0.100111
1.28676
2.01731
0.39916
-0.189232
-0.214827
-0.674592
1.64168
0.362939
-0.0740439
-0.0554188
-1.43822
0.374669
1.63638
0.763342
1.80722
0.947258
-1.27484
-0.729223
-1.05573
-0.858468
-0.783171
1.49286
2.02929
1.23581
0.991087
-0.432777
-0.612165
1.33836
3.22842
-0.913885
1.74759
-0.376179
0.0504631
0.523466
1.54279
0.361412
-0.567764
-0.102565
1.10865
1.27089
0.235001
-0.752459
-0.0216929
1.14026
-1.69199
1.12639
0.936597
1.03565
0.209879
-0.0465914
0.028182
-0.103774
-0.297613
1.40236
1.07147
-0.126771
-1.10862
0.516648
-1.05082
0.736224
0.208521
0.717621
-0.421438
-2.22366
-0.346534
-1.91893
-0.481098
1.49182
-0.281671
-0.852206
-0.368043
-0.260558
-2.01715
0.219347
-0.0163807
1.09369
1.72263
-0.240418
0.403437
0.011838
0.692294
2.51682
0.742221
-0.379442
-0.27934
3.20585
1.61504
0.0375813
-0.973105
-1.2586
1.09408
0.562434
1.60315
0.168805
-1.41574
0.629887
0.547996
-1.1857
1.54343
0.48796
-0.811454
0.779974
0.144596
0.624364
1.01411
1.65299
0.216358
-0.434732
-0.675982
1.20079
-0.516847
0.193238
0.90995
0.64553
-0.705574
-1.02882
0.359975
2.18716
-1.25977
-0.0457134
-0.380918
-0.488256
0.84118
0.196607
0.338131
1.70196
-1.52734
0.488532
1.49425
-2.16302
0.535178
-0.953186
2.02594
0.259503
-0.569496
0.263594
0.174793
-0.0203589
1.68405
-1.68601
-0.153483
-0.176084
0.462809
0.885252
0.198993
-1.58983
0.613992
2.03417
1.66329
0.868944
1.505
-1.55325
1.34565
0.0543713
1.68547
0.0408359
2.41525
1.6056
1.75532
-1.68494
-0.727316
-0.870635
1.37999
-0.348265
1.12727
0.405671
1.46768
-0.402193
0.0787137
-0.828563
-0.991563
1.58286
-2.25309
-0.399902
0.585011
-0.329066
1.60923
-0.567764
0.312789
-0.779221
1.657
0.347566
1.79723
1.74232
-1.20811
0.796443
1.28873
0.301961
2.07392
-0.202541
0.723928
-0.395168
-0.576036
1.65924
1.3436
-1.11056
1.28983
1.60579
1.42772
0.026087
-0.401449
-0.633126
-0.165055
-0.207237
1.32494
1.27974
-1.09136
-0.0166693
0.114448
0.192687
0.969834
-0.0423571
-0.00864564
-0.164042
3.38139
-0.255037
0.638841
0.0940533
-0.0560516
0.152348
-1.30819
0.121869
-0.669138
1.31412
0.589099
0.204427
-0.405287
1.23749
0.183926
-0.179865
0.24091
-0.696925
0.481484
-0.397374
0.93414
1.01454
-1.32877
2.39324
0.0156815
3.33905
-0.0974472
-0.148492
-0.499265
-0.282422
0.554625
0.0788907
0.671643
-0.365195
-0.268893
0.419868
-1.15779
-0.0433415
-1.15862
1.65021
-2.26544
-1.40361
0.375812
0.140831
-0.105272
0.604581
-0.592173
-0.112845
-1.57895
-1.66537
1.50275
2.40159
0.586045
0.311524
0.532421
-0.374662
1.04598
2.06648
0.588933
-0.853382
1.11408
-0.0955986
0.64443
2.43886
1.02776
2.29686
0.465485
0.510123
-0.320373
0.27793
2.92588
-0.582909
-0.928695
-0.880087
0.399079
1.55133
-0.573055
-1.11507
-0.0763628
0.174987
1.42243
-0.306156
0.926899
-0.780172
-0.623085
-0.0747471
0.0771989
0.134355
-0.125921
0.433848
0.292946
1.44491
1.11799
-0.663241
2.34348
-0.00992135
-1.00391
0.405036
0.627508
-1.36126
-0.0721757
-0.163264
0.0195722
-0.677197
-0.953792
1.81025
0.571132
0.0224124
-2.05594
0.553811
1.14857
0.727593
-0.295397
-1.64172
-0.0174265
-0.084994
0.144404
0.0729658
0.969457
-0.617356
-0.826988
0.996372
0.779345
0.93683
0.286411
-0.359761
0.931265
-2.47499
0.753066
-1.79985
2.51086
-0.83519
0.825252
-0.0213047
0.234765
0.296823
-0.424699
1.67887
-0.429318
-0.91346
0.266208
-0.915629
-0.224484
1.46946
0.206876
0.0102637
0.978346
-0.0766187
-0.63848
-0.203599
-0.434128
0.717881
-0.386436
0.0745498
0.6415
2.11225
0.79594
-0.130158
-0.766258
-1.14716
0.320848
1.1078
0.983978
-0.580412
-0.040158
0.59854
-0.600033
0.614985
1.8704
0.220838
1.08649
2.149
0.52565
-1.6169
0.118922
0.639967
0.564752
0.0890008
-1.03217
-0.806647
-0.559122
-1.37916
-1.03512
-2.73268
1.39099
0.418067
0.604862
0.780862
0.774436
1.27775
2.72512
2.28727
0.0983024
0.641867
0.333104
0.793591
-0.648057
1.51651
-0.0206257
0.303084
1.79983
1.58693
1.29763
0.729002
-0.906508
0.676783
0.255761
-1.75532
1.30608
-0.974002
-1.16926
-0.681157
-0.649719
-0.895307
2.18537
2.05476
0.927817
0.693199
-1.0597
1.76606
-0.204848
1.27478
-1.51904
-0.646527
-0.346091
0.722892
0.0719623
1.13838
0.740811
0.235914
0.9493
-0.414318
0.760468
0.260131
0.281611
-0.315319
1.07741
-1.89817
1.06129
0.732411
-0.930956
-0.510889
-0.171193
-1.44748
1.13972
-0.405358
2.62558
0.0397045
1.15591
0.708464
1.29225
0.65761
-1.90205
-0.302797
0.760054
1.4767
-0.233773
-1.01151
1.32506
0.0518994
0.055846
0.103756
0.475551
-0.610796
-0.280546
2.13829
2.2207
0.0977748
1.57228
-1.95497
-0.549696
-1.36191
0.110015
-0.832003
0.927759
1.68065
0.850649
0.26006
1.70854
0.794239
0.723623
2.48568
2.40607
2.01313
-1.85382
0.0204266
0.626474
-1.12493
2.69256
1.51691
-0.25351
0.37838
1.55679
0.0727115
0.207375
1.30377
1.64775
-0.143134
0.426183
-1.57269
0.855992
0.416204
0.568823
-0.669234
1.63906
1.79473
1.25259
-0.0919505
2.07834
-0.931819
-0.480985
1.07581
-0.544808
0.161863
0.193564
-2.32262
-0.592355
0.74355
-0.448481
1.25081
0.340512
-1.555
-0.106699
1.17216
-1.214
-1.11296
-1.13727
1.82604
0.667825
0.122993
1.86613
1.24122
1.25195
0.36766
0.440255
-0.371781
-1.62079
1.96997
0.381384
-0.0645348
0.0500562
-0.0795385
-1.47254
-2.64444
1.02276
0.526285
-0.333772
0.562497
0.664754
-0.536783
0.412949
0.376918
1.29651
-0.770166
0.698299
-0.421405
1.36559
-0.103573
-0.0389274
0.747254
0.0985315
0.493157
-0.343258
1.3994
-1.11101
-0.683194
0.536997
-0.803482
-0.96204
1.13406
-0.130058
0.385427
1.02533
0.221753
0.461098
1.02573
-1.5597
0.658194
-0.399676
0.00177349
0.630726
1.16659
0.469365
1.20401
-0.180409
-1.18769
0.319182
-0.833814
1.03906
-1.39639
-1.11426
1.28946
-0.250563
0.985753
0.667347
0.0391166
1.57199
-1.11748
-1.30145
-0.387012
-0.437144
-0.302593
-0.239282
0.680815
-1.38634
2.72892
2.37008
-0.0231564
1.51445
-0.902375
0.362181
-0.45831
-0.866853
0.151166
-0.853761
1.77239
1.53029
1.14066
-1.39387
3.50715
0.197196
-1.96903
-1.42119
1.83172
0.34547
-1.0421
0.231467
1.34801
-0.0897449
0.964938
0.619904
1.22383
-0.813602
-0.583892
-0.626822
-0.38756
0.9712
-0.550193
-1.0406
-1.20766
0.853601
0.14676
0.232457
-0.393422
0.810799
-0.168526
-0.721376
0.433791
-0.228709
-0.718092
0.275993
2.2258
0.500087
1.24963
-0.8802
1.64186
-0.792421
0.328283
0.907175
-0.0417603
1.15114
1.00721
1.73813
2.78553
0.737007
-0.0532277
-0.113302
0.972615
-0.0814926
0.420589
-0.694858
-2.14964
-0.196054
-0.547313
-1.01788
1.52766
-0.056625
-0.316471
-1.38624
-0.453645
-0.322622
-0.229158
0.983156
0.572841
-1.36397
0.926303
-0.231733
-0.22073
-1.42591
0.709081
1.92475
-0.18871
1.36429
0.548232
-0.13308
-0.0800219
-0.539595
-0.362797
0.710338
-0.127837
2.17028
0.858015
0.100393
0.223703
1.6479
0.304426
-1.95555
0.2927
0.416244
0.41355
-0.247111
1.74833
-0.479216
0.113346
1.44661
0.419285
-1.07296
-1.31388
0.753044
0.647556
0.832385
-0.20115
2.17685
0.77752
-0.269697
-0.62187
-0.00661005
-0.392757
1.84955
0.636789
0.629396
-0.601027
1.40556
-0.803346
0.708925
-1.01995
0.607023
0.234352
0.447877
-1.67452
0.704153
1.47056
0.790637
-0.203964
0.895115
0.984161
0.280654
-0.587346
-0.338963
2.30709
0.804081
0.700888
-0.554624
-0.44088
0.126862
0.492906
-1.10003
-0.340587
1.04502
0.810464
1.39604
-0.26048
-1.3662
0.844377
-0.882461
2.19845
-1.24282
-0.331802
-1.44066
-0.815963
1.96468
-0.0044758
0.986225
-1.72497
1.94996
1.07805
1.17186
1.56458
1.10862
-0.202892
2.18498
0.975363
1.15537
-0.493184
0.98691
2.25767
-0.617657
-1.72339
0.713122
-0.69679
0.711162
1.55206
1.24853
1.03609
0.650124
0.937637
0.691567
0.270572
0.222532
1.10098
-0.691229
0.696916
-0.595847
0.348929
-0.202647
0.146907
1.99909
0.357603
0.884848
0.61639
-0.0476002
-0.0393136
-1.91532
0.462571
-2.60568
-0.673772
0.0618063
1.58058
2.07233
-0.821535
0.285178
0.207276
0.246854
-0.598702
0.158281
-0.212196
0.596544
0.235965
0.116881
0.485737
0.9195
1.10287
-0.964213
-1.73939
0.487339
0.232153
-0.144159
-1.11624
0.531254
-1.677
-1.27375
2.2845
-0.577214
-1.00769
-0.582753
1.2434
0.942818
1.97229
0.250714
1.38627
-1.16452
0.79798
0.215979
0.0505264
-0.343325
1.62378
1.14603
3.02044
1.33412
1.63405
0.167156
1.83957
2.13531
1.25683
-1.73958
-1.04414
0.129059
-0.899873
1.52425
0.0417005
1.69008
0.206405
3.42846
0.0851727
0.586466
1.45964
-1.74458
1.22547
0.214263
-0.252561
1.12058
-1.27583
-1.22367
1.47061
0.325917
0.660557
-0.373356
-0.861973
-0.440028
0.481533
1.03248
-0.0769629
-0.310093
0.0692532
-0.322235
-1.53281
1.78567
0.00730042
-0.611036
0.333428
0.698543
1.80403
1.28947
0.898303
0.376505
-0.0473581
1.20656
0.70621
-2.62519
-0.563952
-0.562382
-1.49514
1.17495
-0.938783
-2.63764
-1.16631
1.63717
1.10474
1.54585
1.23093
0.345882
0.0597058
-0.817891
0.930697
-0.321074
0.814205
1.16549
-1.18284
-0.938618
-0.467969
-0.692995
-0.140027
1.31548
0.0605689
2.16992
-1.98443
1.42137
2.33343
-0.872629
-0.260792
0.495903
-0.477876
0.628999
0.351147
1.16375
-0.568281
0.393847
0.214424
0.518163
1.67182
-0.444839
-0.938462
-0.192511
0.635527
-1.18004
-0.253992
0.916767
-0.176467
1.66119
0.297399
0.290728
0.461828
-0.0214931
1.72462
1.08743
0.245867
1.0068
-0.497037
-2.3944
-0.821344
1.43508
0.00112964
1.12298
0.0339172
-0.284278
-0.486079
-0.886144
-0.362726
-1.24842
-0.060436
-0.0997971
1.33242
1.78697
-0.440942
0.506069
0.14158
1.1533
1.42753
-0.493775
-2.70279
1.08009
0.817647
1.0523
-1.5002
0.636794
-0.125505
0.218353
0.647819
-0.895538
-0.197315
0.5465
2.81328
1.3066
-1.24277
-0.324554
1.06349
-0.506881
3.20736
0.753926
2.94715
-0.363846
-0.700171
0.187846
-0.891874
-0.833126
2.06626
0.874448
0.303397
1.21279
-1.38457
-0.241796
0.0208473
-1.24778
0.742636
-1.87808
0.471381
-2.31265
1.10732
-1.9781
0.123724
0.180229
0.22511
1.18811
0.759365
-1.00815
-0.0703255
2.29836
0.175702
-0.759844
-0.270907
1.12931
-0.904261
0.311879
0.762237
0.730949
0.742362
1.75802
0.133942
-0.465209
1.50075
-0.865373
-0.293779
-1.08537
0.440601
0.424026
-0.243526
0.277218
-0.36896
1.11898
2.00711
0.674493
-1.43125
0.222509
0.541612
0.312017
0.176146
0.966103
-0.515488
0.971802
0.225001
-1.54413
0.724847
-0.463299
-1.40442
-1.09053
1.9728
-0.315049
0.457999
0.20116
-0.266052
-0.395624
1.32685
0.534496
0.941467
1.28726
0.704141
-1.04337
-1.26332
0.432319
0.222344
-0.604743
-0.574341
0.079334
-2.09403
-0.624965
1.48084
1.79288
-0.381418
0.835837
-0.0388679
0.0383159
-1.58584
0.288567
-1.23626
0.400603
-0.473442
0.895655
-0.39299
0.571612
0.36389
-0.678181
-1.0456
2.35993
0.021951
0.305825
-0.73115
1.51943
2.06896
0.932929
1.79616
0.443634
1.8045
0.00677558
-0.993029
0.950729
-0.453792
0.280608
-1.67548
2.6194
-0.442952
-1.02166
1.61274
0.796178
1.52121
0.603496
1.34174
1.33501
-0.0280213
2.64151
0.129251
-0.594031
-1.91877
1.17833
-0.65519
-0.285706
1.56609
1.30464
3.04446
0.150062
1.01182
-0.706005
0.999347
-0.889811
0.84709
1.91193
0.716157
-0.788467
0.00290436
-0.0398886
2.07855
1.07507
-0.0343672
1.629
1.03691
-1.58517
-0.213198
-0.639257
-0.12123
-0.37443
-1.02608
0.1771
0.574155
0.632419
-0.711079
1.01205
1.30106
-0.75975
0.914488
0.274354
0.932034
0.198995
0.752536
0.486941
1.05401
-2.33713
-0.717297
-0.358156
1.69086
0.711925
0.563343
0.209262
0.1717
3.40944
-1.34228
1.19994
-0.14583
-1.35906
-1.17942
0.726844
-1.49396
1.70088
-0.992373
-0.414961
-0.273442
-1.13917
0.197288
-1.37456
-0.0283905
-2.25452
0.966143
0.964975
0.229021
1.62932
0.265249
0.575823
0.0705817
1.3494
2.53615
0.105476
0.949953
1.1033
1.32831
0.806261
1.36914
2.41591
-0.400964
-2.10067
-0.846964
1.07354
-0.594553
1.60948
-0.769944
0.0222624
-0.679307
1.40421
1.79766
-0.0481956
0.731404
-0.684261
-0.243518
0.874565
0.98437
0.287034
-1.15443
0.829374
0.215944
1.68811
0.528513
-0.930513
0.0314487
0.449792
-0.520157
1.39817
0.49179
-1.59232
-1.25305
0.372449
0.545119
-1.31403
0.557085
-0.0890455
-0.306418
0.219705
0.209907
-0.898806
1.6297
-0.850425
1.61773
-0.722642
1.59683
0.647072
1.52488
0.3023
0.39484
0.517032
0.362788
0.19325
0.892226
-0.0456959
-0.0157156
-0.568891
0.0518085
2.49651
0.575202
0.0750275
0.31661
1.02856
0.71971
0.890802
1.51142
-1.34209
0.204978
0.0194699
1.9977
-2.41009
-1.16843
-0.723113
0.305151
0.522643
-0.999133
0.406548
-0.934834
0.722531
0.841767
0.0648032
-0.0269508
-0.598256
-1.2255
0.0123104
2.12333
2.16118
-1.73633
0.296688
-0.236718
0.344687
-0.881385
-1.16961
0.159475
-0.940001
1.25808
2.14942
1.72552
-0.0461044
2.79636
1.57563
-0.404267
1.21622
0.725069
1.07738
-0.314064
1.21125
1.13492
-1.61067
-0.825811
-0.250336
0.0693627
-1.84155
1.07608
-1.61443
-1.39755
0.927796
0.804032
0.867159
-0.804021
2.35466
-1.1949
2.4818
0.798621
1.54949
-0.480058
-0.723465
0.175434
1.14055
-1.43681
0.936764
1.35425
1.42638
0.294842
1.01105
-0.578671
0.951764
-1.26401
0.21629
1.40216
-0.684929
0.0147853
-0.414785
-0.300564
-0.398242
1.4999
1.48311
0.033621
0.0907513
1.30439
0.909018
0.263209
-0.716893
0.53471
0.709454
-0.119952
-0.349511
0.177295
0.590407
0.785516
-1.13721
-1.78977
0.816624
0.0338157
-0.701918
0.694791
-0.00489572
2.0433
-0.450228
0.540134
1.22868
1.77153
-0.49101
-0.193741
-0.0928416
-0.0564395
0.624369
-1.85642
-0.714789
-1.23624
0.740098
-0.691767
1.88437
0.133135
0.689571
0.567459
0.804594
-2.05906
-0.416868
-1.10584
-1.08255
-1.00015
0.71002
0.610376
2.66221
0.367364
0.503038
0.741837
-0.643904
0.261199
0.0529173
-0.693275
-0.381731
-0.783241
-1.55529
-0.265554
-0.359789
-0.689595
1.39262
-0.526937
0.662487
-0.989341
-1.15722
1.99959
1.5563
3.87888
1.90575
1.12191
0.0860735
-0.787482
-0.0725911
1.10818
1.93607
-0.218318
2.08272
-0.207048
0.798502
0.87873
-0.525469
-1.52709
-1.62727
-0.663375
0.292357
0.0928157
1.37381
0.600261
0.67495
0.775434
0.265322
-1.15402
0.550881
-1.06712
0.0359579
-0.667237
-0.254646
3.76583
-0.340212
-0.198961
0.617813
-1.11127
-1.09214
0.0996394
1.83601
0.795947
-0.703007
1.12137
-0.0396151
-2.44736
1.03661
0.449396
-0.481611
0.295906
0.337568
0.800489
1.88766
0.950308
-1.93557
-0.915914
0.723753
-1.18452
-1.05151
-0.0191785
-0.187421
-0.465298
-0.786946
-0.765654
0.617044
-1.05471
-2.19522
0.581012
0.933476
-0.0619563
0.0067875
-0.49804
-0.563006
-0.815524
0.716924
-1.88502
0.114368
2.51993
-0.065788
1.19536
0.480543
0.112932
1.50798
0.272844
-0.0157097
-0.0566436
-1.54823
0.076852
1.8678
0.0568786
-0.463439
-0.456497
0.544733
-2.42962
-2.06011
-0.317426
0.951136
0.308055
1.97834
2.15946
-0.66859
0.0393992
0.521406
-0.0340513
0.650362
0.681567
1.19384
-0.193724
-0.432285
1.45572
0.199257
0.238654
-0.520741
-0.453692
-0.703941
-0.995224
0.250293
-1.34865
-0.471238
-0.217437
-1.13101
-0.698912
-1.0955
-0.625937
0.148171
1.76002
1.606
1.89775
0.487928
-0.870689
0.724504
1.22283
0.502737
0.955059
-0.177593
0.806872
-0.82348
1.24804
0.961835
-1.43828
0.179714
-0.462766
0.512431
0.203714
-1.0641
-0.845079
2.10749
1.042
-1.45912
-0.449835
-0.987046
2.18886
0.159099
-0.255513
-0.683472
-1.15533
0.0968942
0.509732
0.114283
-1.34587
-0.320513
0.780041
-1.56522
0.359758
-2.49296
0.804383
1.52013
0.0388978
1.18425
0.0519211
-1.37122
-0.32326
-0.794744
1.52916
0.724069
0.157205
-1.00715
-0.178291
-1.39111
-0.271866
-0.836047
-0.295966
1.29298
0.141809
-0.414542
2.9963
0.857518
0.428231
-0.145188
-0.5147
-0.462254
-0.659387
-1.06087
-0.774701
0.763354
-0.916994
1.31273
-0.375737
0.349362
-0.76235
-1.33842
0.047639
1.5242
0.036562
1.37128
1.29587
1.20888
-0.0331767
3.73254
-0.876373
0.109709
0.254793
1.39609
-0.0278905
0.375708
0.751333
1.74213
0.82402
1.86152
0.408745
-1.09788
0.227479
-0.116529
1.63874
0.0668198
-1.37545
0.00210764
0.72648
2.10705
0.0156295
0.819705
-0.525126
-1.28799
0.254479
-0.157041
0.958361
0.271008
2.18787
1.27472
0.221894
0.523665
1.36751
-0.700703
0.207088
-0.833027
0.36658
1.2554
0.309686
-0.784964
1.50993
0.716259
-1.05605
1.78422
-0.245994
0.480398
1.80328
-0.609556
-1.80367
1.25902
-0.918871
-0.196871
-0.250409
-1.2938
0.363067
0.597588
-0.0897141
2.68379
0.233175
1.32631
0.313173
-1.32275
0.737821
0.527322
0.905367
-0.878289
1.2606
0.0878137
1.73631
-0.979328
-0.536504
-1.80049
-0.48069
2.17461
0.804671
0.565819
0.576242
0.32353
0.86101
-0.409972
-0.559604
0.121107
-1.02527
-0.317788
0.243264
2.3838
0.061786
0.511358
-0.160848
-1.27039
-0.400705
-0.111226
1.75227
-0.389651
0.536343
1.48929
0.342522
1.50446
-0.191003
-0.294509
0.89786
0.366672
0.10544
-0.394635
1.79222
1.00715
0.583284
1.12858
-0.789379
-0.576425
-1.00245
-1.189
0.392581
-0.492601
-0.29938
-0.385913
0.0335751
0.0645994
-0.736933
0.512534
-0.219477
0.418074
0.529637
0.50613
0.0569076
-1.00138
-0.646497
-0.213629
-0.756749
-1.5798
0.79144
0.288016
-0.20891
0.854302
0.155909
2.24018
1.21198
1.2761
1.5802
0.0833954
2.27559
-0.737153
-1.22607
0.252925
-1.03067
-0.120649
-1.64107
0.729293
-0.892118
-3.06958
1.10058
-0.62174
-1.96878
1.18454
0.494691
-0.0721726
1.5018
0.82209
1.17235
-0.639958
1.55309
0.638661
-0.498137
-0.465522
0.664045
-0.460266
-0.19557
-0.709322
-1.21086
0.534376
-0.0456659
-0.526233
0.0795745
-0.913625
0.465194
0.729803
0.643571
1.36048
0.582703
0.816178
-0.0499593
0.712517
-0.393076
-1.0741
0.636478
0.399283
1.76042
-1.02095
0.287767
-1.0003
-0.443267
0.674752
-0.202886
0.337578
0.239035
0.162066
1.01746
2.75025
0.864919
-1.0817
-0.00980152
-0.635253
1.79749
2.00381
-0.0753554
0.902588
-1.6305
0.147602
-0.493998
-0.855981
-0.366482
-0.171396
0.588701
-1.89951
0.835579
1.47765
1.63274
1.1342
0.172624
0.790478
1.94134
-0.043797
0.62015
0.220059
0.0697395
0.620371
1.31119
1.14363
1.1507
-0.256046
1.0647
0.135999
-1.62766
-0.191895
-1.81683
-0.448897
-0.249439
-0.322849
0.338287
1.03987
0.46565
-0.569818
0.752628
0.179045
-0.866216
-0.32893
-0.840296
-0.803494
1.68809
-0.316135
-0.722086
-0.0551316
-0.334456
-1.63585
-0.248487
-1.57996
0.00579039
-0.805984
1.5032
0.421045
-0.283256
0.48996
0.32568
0.673343
0.192552
1.17091
-0.072477
-0.0893672
2.75154
0.494626
0.153951
1.07326
0.129767
-0.144416
0.901226
0.603042
0.273785
0.174974
0.115649
-0.419473
1.47252
2.40523
1.26963
-0.573684
0.205711
-0.510623
0.819674
2.42597
1.71602
-0.825942
0.488597
1.20331
-0.35417
-1.31224
-1.95727
-0.497948
-0.488874
-0.246667
2.39617
-0.605102
0.159746
1.45713
-2.2358
-0.598667
-0.427001
0.374461
-0.325588
1.51467
1.15316
1.92995
0.0186535
-0.653435
-0.108482
0.557831
0.817855
1.85891
-0.812034
-1.45715
0.373081
-1.03205
0.265641
-1.3957
0.226871
-1.41538
1.25074
-1.00452
-0.0668881
1.82757
1.01347
1.13395
-0.0497622
1.06658
-1.14147
-0.890374
0.409392
1.44146
2.21171
0.268859
0.365979
-1.80682
-0.86477
-0.649603
-0.545498
1.35454
0.971403
-0.610912
-0.286128
1.63105
-1.95941
0.935136
-0.449903
-0.189589
0.633159
-0.351818
0.287674
1.92642
-0.282814
-0.72622
2.20697
1.84837
0.59791
1.07087
-1.03514
-1.76078
1.00922
-0.875156
1.42879
-0.289474
0.407921
-0.879178
-2.6282
-1.5876
-1.4575
1.7858
0.152417
-1.01994
-0.525739
0.314843
-0.230387
-0.00353019
0.304452
0.935614
1.10349
0.251876
0.0501173
0.761442
0.134716
0.530623
1.2877
2.06997
1.00705
-1.06109
-0.561913
-1.59461
0.795799
0.157389
-0.336538
-1.13729
-0.442165
0.82731
-0.351863
2.21416
0.635919
-2.34249
1.40795
0.537246
-0.314614
1.24471
-0.14834
-1.00666
0.305319
-1.47818
1.19346
0.37117
1.64205
-1.03262
0.417786
-0.233293
0.550547
-0.323286
-2.09825
0.0524796
0.998675
-1.1083
-0.926216
-1.01995
-0.275082
-0.103124
1.87521
0.235605
0.224141
2.75781
-0.431397
0.515596
0.110166
-1.22182
-0.328859
-0.175871
-0.526786
1.29945
0.30047
0.612408
0.020275
-1.09845
-0.386842
-1.19413
-0.258388
1.49825
0.215303
-0.400674
-0.193389
0.983958
1.85136
-0.644004
-0.341206
-0.102154
0.677401
-0.28905
-0.212231
1.33479
-0.84175
-1.96535
0.543944
-0.619816
2.18077
0.221279
2.81062
-0.704487
0.881105
0.238657
-0.101554
-0.351297
1.6066
-0.905477
0.291371
1.76833
-2.22514
0.742848
0.986758
0.709225
0.853665
0.846536
-0.477148
-0.149245
-1.82026
-0.159232
1.45935
1.38332
0.545291
0.848958
-0.975027
-0.709418
-0.977636
0.973539
-0.979133
0.143854
-0.303761
1.1085
-1.34387
0.311724
0.787787
0.130219
-0.677065
-1.12284
0.789799
-0.00158309
-0.0250124
1.092
-0.965962
-0.444492
1.34804
-0.741356
0.795671
-0.841919
-0.689034
-0.765161
-0.254158
0.376884
0.131214
1.56764
0.0140389
0.0367194
-0.501756
-0.457046
0.165123
-0.0280347
-0.654922
1.26363
-1.70052
0.979315
0.503944
0.237891
0.350794
0.593122
0.308079
0.140775
0.187632
0.918165
1.90977
0.506471
0.467211
-0.0905725
-0.676025
0.608372
-1.11642
0.756992
2.06754
0.172571
2.59262
1.36941
-1.6944
0.0160132
0.619293
1.71931
0.175186
1.89715
1.59533
1.05733
-0.392975
-0.500389
0.440918
-1.68748
2.9141
1.02617
1.14462
1.54906
-0.960245
0.100644
-0.630979
-1.00979
1.47858
-0.191632
-0.37469
0.813199
-0.0748442
1.55062
-1.70575
-1.01913
0.419357
-0.525207
-0.0650607
0.402146
-1.24729
1.06758
-1.22806
1.58968
0.281759
0.119828
-0.564394
1.00138
-0.0305296
0.0877252
0.0845506
0.152072
0.997901
-2.13261
1.44665
-0.260583
0.554983
-0.311034
0.0441522
-0.0556017
0.256845
2.21999
-0.892269
1.82833
-1.31866
-1.57673
0.5449
0.337902
1.97848
0.733028
1.58806
-1.5618
0.36525
-0.00928558
-0.485089
0.19689
-0.102421
-0.73527
-0.121306
1.99148
-0.321848
-0.171994
0.210389
0.725055
-0.0721103
-0.865975
0.487647
-0.97374
0.112823
0.557463
0.723619
0.421189
-1.96239
2.79782
-0.751934
0.771612
0.50794
-0.546411
0.905522
-0.188246
1.57286
1.39681
-1.61371
-0.235451
-0.800749
-0.547905
0.00491891
0.919737
1.64848
-0.27552
2.81026
-0.605198
-0.331335
0.151492
0.888988
1.25788
0.0527055
0.136098
0.152939
2.26481
0.795945
0.461687
-0.0187927
0.396534
1.60342
0.709136
-1.19687
0.587161
1.15266
-0.474881
1.99936
-1.14354
1.44501
0.769656
-0.619623
0.183977
0.314795
0.631116
-1.42416
-1.03889
1.63836
-1.02659
1.26872
-0.82601
-0.723082
0.279391
-0.597262
-0.0360743
-0.142809
1.19959
1.05322
-0.819572
-0.610944
1.11655
-0.277324
0.851043
-0.119908
1.60873
0.108996
0.88862
-0.979011
0.894807
0.928618
-0.0826087
0.425959
0.107027
0.207638
-0.366613
-0.686207
-1.121
-1.01151
-0.991607
0.726781
1.52409
1.11073
-0.437041
-0.247867
0.402655
0.157475
0.581757
1.23851
0.952986
0.721208
1.3399
0.830306
0.196009
0.572516
-0.58616
0.625518
1.2123
-0.18339
-1.49353
0.698671
0.988624
-0.032717
0.866132
1.52379
1.02779
2.38764
1.69144
1.33706
-0.900577
1.0078
-0.698609
-0.458178
-0.468111
0.0952161
-1.73329
-2.18224
-1.29263
1.29637
2.60993
1.11711
-0.957507
1.9528
1.11345
-1.11862
-0.118714
1.17195
0.350202
1.24599
0.280729
-0.833095
0.025659
-1.04069
-0.154923
0.777157
0.224502
-0.741041
-0.733671
-1.2614
2.10291
1.36254
0.837941
-1.3814
0.528831
0.37095
-0.720139
0.0852271
0.425501
-0.639199
-1.02636
0.278334
0.67807
-0.0367143
0.252315
-0.0277435
1.37769
0.276027
1.68442
-1.8666
-0.211974
-0.662762
1.15487
1.73557
0.866283
-1.0908
-1.55838
0.555486
0.179025
0.285723
-0.899384
0.246786
-2.10747
-1.66969
-0.194698
-0.921397
-2.73698
1.7587
2.25894
-0.664016
-0.333946
-0.487402
0.593737
-1.03828
1.59862
1.7898
-0.0896958
0.871528
3.20468
1.12341
0.63507
1.25684
2.50588
1.8826
-0.273871
-1.45658
0.620259
-1.62103
-0.590796
1.10307
-0.645215
1.46071
0.584921
-1.5749
1.76924
1.64754
-0.556528
1.40746
-0.114903
0.265959
-1.90944
2.07817
-0.501826
0.313234
1.1527
0.64942
-0.213096
0.250304
1.51282
0.682604
0.718897
-0.479036
-1.28295
0.0314121
-0.295057
-0.494701
-0.0634186
0.393116
0.971876
0.990519
0.074175
0.406692
0.720974
1.35197
-1.14213
0.891148
-1.39112
1.25048
1.62526
-0.0147683
-0.659929
-0.470345
0.532427
1.7824
-1.04609
-1.10382
0.459966
0.423701
-0.420813
1.19508
0.167541
-0.920332
-0.460574
-0.345488
0.973273
1.02129
1.61027
0.376724
0.431269
1.57295
0.440927
-0.463829
0.785479
-0.0373389
-2.35368
1.20585
0.579633
-0.326522
2.1186
-0.628916
1.36833
0.157472
0.366631
-1.34786
1.16096
0.966468
0.265401
-0.483809
-0.802023
0.699439
0.557937
0.447377
-1.93929
0.805267
1.30128
0.982363
0.14563
-0.906814
-1.62388
-0.292078
0.967656
0.631645
-0.226052
0.316596
-1.31813
0.0898476
-1.47439
0.42649
0.0161647
1.15487
-1.8777
1.34833
-0.699768
0.236369
-1.61362
-1.06924
3.06729
0.157096
0.689013
1.10327
2.48963
0.139309
2.21246
0.298241
-1.05321
0.990642
1.24017
-1.51477
-0.0775453
0.240181
0.756014
0.665799
0.348278
1.31015
-0.728316
2.22427
0.712705
0.00274917
-0.816272
0.198007
-1.19027
-0.248849
0.721484
-0.671998
0.0997108
-0.777665
1.32614
-1.75111
0.728258
1.11078
1.69213
-0.853979
1.27117
-0.270402
-0.368695
-0.126981
-0.86862
0.110739
1.10238
0.694988
0.333423
0.159035
2.11216
0.793998
0.222852
0.284225
-0.541588
1.78149
-1.46047
-1.69157
1.50045
-0.473282
-0.972531
-0.169495
-0.0898561
0.010104
-0.439417
0.045573
-0.309042
-1.58013
0.349691
-0.169937
-0.158598
-0.929251
-0.774297
0.0693643
-0.093528
-1.5797
3.35406
0.859464
-0.454696
0.897133
0.71781
0.154702
-0.202674
-0.258744
0.284698
0.635392
-0.186604
-0.203537
0.196451
2.677
0.522779
-0.222554
0.293954
0.906058
-2.59206
-1.13629
-0.358813
0.0235662
1.19878
-0.5089
-0.10044
0.814963
1.73462
0.886583
1.62978
0.259203
-0.680316
-0.401522
-0.462123
-0.0426753
1.19363
1.52049
-0.297616
0.939715
1.40347
-0.429949
-1.63272
-1.16958
-1.14745
-0.468567
-0.261594
0.801449
-0.439902
0.0694906
-0.3539
0.0669429
0.085223
0.0842734
-1.60453
-0.53938
-1.3948
-1.64754
1.83647
-0.451531
-1.22207
0.746874
-0.990347
2.64251
-0.840847
0.462875
-0.316534
-0.100834
-0.134794
1.37727
-0.589528
-1.24992
-1.04085
-1.17925
-0.740817
-0.502355
-0.146089
-0.26719
1.25142
-0.295434
1.39933
-0.343139
-0.330298
-1.16386
0.704829
0.632541
-0.254724
-0.359605
1.05567
-0.0839305
-0.33562
0.146343
0.481696
0.0074892
-1.84345
-1.81025
-0.0353008
-0.267942
-0.0297953
0.0857107
1.21912
0.977702
0.447928
0.828589
0.566658
0.0914372
-0.903328
0.0211339
-0.0238037
0.112221
-1.34957
-0.412549
1.6441
0.0878291
-1.00654
0.423014
-0.545638
0.985942
0.514686
-1.66445
1.26302
0.309855
0.224997
1.4265
0.0464023
0.503248
0.16279
-1.15601
1.0964
0.283969
1.12563
-0.923
1.47361
1.39656
0.590744
0.10771
-0.65404
0.93975
-1.05575
-0.259925
-0.307665
1.33049
-1.36054
-0.309669
1.4745
-0.363217
0.275257
0.565887
-0.42931
-0.850745
-1.30376
1.70355
2.56903
-0.0347032
1.57501
-0.741365
-0.102228
1.09595
-0.653184
1.54906
1.84976
0.0927428
0.512267
-0.696672
-0.12135
0.683501
1.96506
1.02623
1.42278
-0.823961
1.40113
0.716127
2.57698
-2.0001
0.339571
-0.432897
-1.0402
-0.940917
1.4427
-0.478352
1.06659
0.113688
-1.30927
-0.738721
-0.506093
0.217388
-1.97172
1.13867
1.0611
0.767825
-0.675004
-0.719342
-1.70314
1.06959
-1.23505
1.1917
0.133109
-0.0571351
-0.301511
-0.252142
0.970862
1.73579
-0.647372
0.183661
-1.8286
0.749079
0.47478
-0.148578
-0.177897
0.462873
-1.03737
-0.912581
1.85822
0.62414
-0.501341
-0.823727
0.0864459
-1.49782
0.0230967
-0.0587154
0.363364
2.05766
-0.73914
-0.049311
1.40083
0.34235
-0.214203
0.309064
0.669122
-0.0983155
1.68576
1.05286
-1.87972
1.65719
1.21567
-0.0380181
-0.509687
2.43223
-1.54091
-0.791435
-0.584215
1.21046
0.0148497
0.579134
-0.36926
-1.42365
-0.636615
-0.271585
0.144758
-0.728051
1.51524
0.649023
-0.775717
-0.476935
2.8089
-1.09517
2.30266
-0.395189
-1.22434
0.547929
0.252632
0.340267
0.864804
0.618514
-0.292798
-0.367816
-0.134515
0.566967
1.99308
-0.335137
0.362482
1.13602
1.46498
0.217852
-0.497013
-1.50671
1.84712
-0.824411
1.58856
0.54063
0.886666
-1.43514
-0.745943
-0.806929
0.905845
1.03584
-0.767423
-0.484324
-1.13996
-0.106228
-0.184709
-1.07602
0.0979475
-0.145944
-0.056651
0.899376
1.42271
-0.20637
-0.874519
-1.45053
0.715174
2.56582
-0.254411
2.07806
-0.037007
0.0704369
0.288987
-0.770757
-0.174753
1.26423
2.38479
0.972057
1.61917
1.15924
1.2838
1.11037
0.28854
1.02265
1.21343
0.472129
-0.807153
1.57721
-0.696041
1.35408
-0.926733
0.315581
-1.1433
-1.51193
2.20886
-0.827265
-0.335289
1.13989
1.12513
0.892135
-1.05118
-0.141405
0.944201
-1.10166
1.08083
0.775561
-0.623068
1.1467
-0.443564
-1.54005
-0.270106
1.359
0.456434
0.274731
0.0826483
-0.57303
-0.291624
0.515714
-1.03517
-0.674994
0.147291
0.208187
-0.156356
-0.3224
0.698018
0.26381
1.05458
0.150467
-0.235812
-0.0346339
-0.998068
0.1206
1.0432
1.28729
-0.572441
0.383943
2.0602
0.47508
0.471873
0.340453
0.0528733
-0.59768
-0.203693
-0.285246
-1.01535
-0.291135
0.139381
-1.57067
0.224225
0.497871
0.192858
-0.993171
1.42487
-0.37355
1.04879
-0.720454
1.57495
2.16247
0.172883
-0.156444
0.217616
1.31266
2.09596
1.55509
2.15328
0.308314
1.8053
-0.282604
-0.862496
-0.0800766
1.37891
-0.647527
-1.41914
0.0725129
-1.10758
-0.539068
-1.99063
-0.0472007
0.485692
-1.95857
-1.76254
-0.673742
-0.887291
0.191103
-0.0326051
-0.510066
2.30106
-0.610981
1.21254
1.21596
-1.97642
0.16326
1.41471
-0.3854
-0.291319
1.02711
-0.512328
0.016809
1.83465
0.399769
-1.65902
-1.09333
-1.0107
-0.383321
-0.383218
1.03416
0.350521
2.54706
-0.486567
-0.110028
1.40796
-3.82473
0.108413
-0.396506
1.63795
0.406543
1.89066
0.308376
0.509294
0.567626
-0.359235
0.890646
1.04208
0.450847
-0.284444
-1.12364
-0.912858
-0.457856
1.10138
0.902758
0.710695
-1.8548
-2.08133
-0.109167
0.109422
-0.577242
0.665947
0.940137
1.16496
-0.258116
2.41777
-0.296562
-0.654869
-0.305327
1.0961
1.48849
-0.524655
-0.621185
-1.42674
-1.30721
-0.888574
0.0311993
-0.338287
1.78587
0.320607
-0.711475
-0.501614
1.28283
-0.36661
0.394312
-0.103739
0.292577
-1.07526
-0.873701
0.645542
0.417565
-0.968977
-1.29456
0.863222
-1.11938
0.818553
0.884099
-0.729882
-1.12339
0.169306
1.36315
0.668151
0.427886
-0.505563
-0.57185
0.599863
-0.0749515
-0.00187687
0.990785
0.646478
-0.726665
0.210116
0.646698
0.402755
2.59933
-0.0893522
1.61731
-0.796327
-1.185
2.45137
0.196116
0.900515
-1.03939
3.03471
-0.301199
1.34516
-0.615207
-0.638263
1.87286
-0.0159713
-3.03331
0.389359
-1.00733
1.65468
1.21553
-0.175197
0.386358
-0.652697
1.97092
-0.218078
1.41903
0.905789
1.08872
-1.22199
0.929257
0.182041
-0.585495
-0.364642
0.30758
-0.893269
-0.187895
0.0177774
-0.889755
1.2929
2.8765
1.02073
0.663333
0.44496
-0.185545
0.383513
0.786856
-0.837207
-0.162526
-0.599536
0.159397
-1.63903
1.87126
1.70728
0.614685
2.11171
-1.56647
1.77098
-0.508477
-0.494651
-0.148124
0.0210903
0.500454
0.275991
-0.110727
-0.352667
0.483641
0.852735
1.20399
-0.646833
-0.711878
1.20364
2.95958
-1.66678
0.989712
-0.285816
0.660334
1.20954
-0.69536
2.1519
-0.540333
0.0145391
1.59165
-0.866366
-0.399071
0.934065
0.988605
-0.359777
-0.0149352
0.365279
1.56656
2.20642
1.23466
1.62008
-0.798735
2.09995
-2.32853
1.78631
-1.61398
2.62221
2.11768
0.493208
-1.36515
-2.02555
0.496174
-1.49221
0.487511
-0.611027
1.87886
-1.50454
0.804207
-0.0629168
-0.48125
1.75372
-1.77443
0.416057
0.0268164
-1.04328
2.62225
2.06847
0.625908
-0.31097
-0.0537741
0.891527
0.0464739
-1.1582
1.3775
-0.796068
0.88
0.650381
-1.13454
-0.499689
-1.36741
-1.89003
-0.688139
0.0350618
-2.07497
1.19381
-0.0688539
-1.07051
1.43485
0.297281
0.912935
1.22601
-1.12788
1.23751
0.192422
1.43607
-1.19926
-0.944658
1.96834
0.585315
0.685486
-0.0275473
-0.567091
1.74206
-0.868932
0.649127
0.83222
0.365984
0.547877
-0.291229
0.575478
-1.65068
-0.746796
0.00582801
0.138076
2.91198
3.26685
-0.378819
-0.86249
2.72768
0.415372
0.351238
0.269127
-0.161243
2.5083
0.742453
0.785379
-0.219514
-1.12065
0.228404
-0.0540815
-1.11484
-1.41461
-1.10313
0.219472
0.949354
2.88513
-0.987671
0.949142
-0.47316
0.694406
0.833746
-1.57427
0.395517
-0.341274
1.00275
0.834262
-0.53127
-1.21642
-0.685031
-1.26947
-0.684777
1.84477
-0.161232
2.78475
2.38124
-2.8896
1.08998
-0.0586294
0.808996
-0.892955
1.998
1.03142
0.065233
1.35893
0.807015
-0.544895
-0.513938
-1.3436
0.0688859
0.733312
1.96716
0.0828106
-0.522258
0.538456
-1.84181
0.639607
-1.42902
1.96386
0.955491
-2.335
1.66355
-1.27147
1.10069
1.95534
-1.07501
0.120363
-1.45704
-1.45165
0.449701
-1.65801
-0.311446
0.981041
-0.724986
-0.72228
0.394201
0.00287679
-0.0759178
1.75243
-0.0636213
0.642845
1.64631
-0.0406384
-0.147749
0.140352
0.308123
-0.291263
-0.36295
0.556489
0.44178
0.682472
-0.884052
0.61125
0.104216
-0.133655
0.792993
1.11258
0.810107
0.189954
0.879289
0.0165568
-0.57226
0.307281
0.54259
-0.498578
2.57003
-0.03415
-1.15675
-0.703636
2.43037
-1.43423
-0.958304
1.34918
-0.193303
-1.18297
0.733974
1.55844
0.659175
1.16063
1.55534
0.650431
-0.360482
1.64415
1.80732
-0.00155237
-2.1685
0.381872
0.408407
-0.555553
-1.86072
-0.599129
1.66321
1.82939
-0.0156008
0.637462
-1.18177
0.992767
-0.416826
0.26835
0.508661
0.678834
-1.37098
-1.25021
-0.100911
-0.126008
0.586101
-2.03844
-2.24617
0.636198
0.273326
-0.253048
-0.805758
1.36911
1.63179
0.221834
2.50611
2.80406
1.6826
-0.702604
2.15435
-0.601699
-0.878706
0.39544
-0.050181
-1.00053
0.284319
-1.1245
2.56954
-2.38195
-1.33391
-1.83576
1.36002
-0.668175
-0.013579
-0.862209
0.470011
-0.408513
-1.53171
-1.47272
0.591045
0.688531
1.19568
-0.219258
-0.920189
-0.924868
-0.469726
1.08974
0.175313
-1.08052
-1.49495
2.15764
1.55502
-0.329272
-1.7569
-0.754781
0.550288
0.367994
0.272105
0.581197
1.04671
-0.0951768
-1.044
-1.64001
2.49161
0.136068
-1.4473
-0.313948
1.68064
0.485926
0.526166
-1.26256
-0.872088
1.19789
-1.89759
0.614516
-0.218055
-0.15035
-1.56631
0.153273
0.466573
-0.219104
1.68701
-0.150822
1.51162
-1.57601
2.17697
-0.264838
-1.16231
1.08705
0.590902
1.92877
-0.900772
1.44351
-0.722104
2.20648
0.786727
2.02624
-0.637701
-0.289096
2.53845
-0.846182
-0.480259
-2.02421
-2.10158
0.707651
1.58336
-1.88087
1.09212
-1.11863
-0.916657
-0.786727
1.14857
1.29683
-0.267811
0.544989
0.258211
0.836005
3.40161
-0.324628
-0.170103
-1.03423
-0.473755
0.856842
-0.276193
2.34687
-0.843331
1.52985
1.75325
-0.619325
1.74647
0.489467
-0.333684
0.980174
-1.31334
1.35345
0.534302
1.01007
2.52947
0.734228
0.58502
2.36339
0.861857
-0.235486
0.55088
-0.327976
-0.223061
-1.14724
0.264528
0.385878
0.570685
-0.298754
-1.953
-1.50865
0.158459
0.569075
2.45743
0.146311
2.48563
1.20989
0.120468
-1.0875
-0.117049
0.00483104
-0.799667
-0.432748
-1.47794
-0.111763
0.444229
-1.05406
0.525015
0.451755
-0.68591
-1.5174
1.57109
0.424054
-0.992724
-1.25875
2.11647
0.749459
1.15177
0.852917
1.62881
1.23359
-0.0821037
-0.981997
-2.15387
-0.647798
-1.8588
-0.489952
1.03898
0.762595
2.02123
-0.657758
1.62393
-0.250813
1.0397
-0.0519925
-0.467769
0.910065
-0.378951
-0.0144457
2.03655
1.3608
-0.107769
1.2323
2.2773
-2.12191
3.16946
0.61887
-2.17424
-1.2102
0.780697
-0.470879
-0.269569
0.0340774
-0.0834834
2.52179
-1.60959
2.13593
-1.05106
1.38673
0.821596
0.129434
2.38874
0.879821
0.327299
0.0496746
0.500964
0.70349
-1.39729
0.0113342
0.606104
-0.751785
0.348176
0.710127
0.119163
0.426806
0.830262
-0.222071
1.68095
-0.781801
-0.636391
-0.555547
-0.306214
-1.90366
1.65002
0.34774
-0.213627
-0.0621914
2.76804
1.33687
0.4819
0.391071
-2.1344
-0.134267
-1.55372
-0.129072
1.63358
-0.830188
0.260983
1.98003
-0.758596
-0.098472
-0.272519
0.938495
0.0584651
-0.58846
-0.00818286
-0.366456
-0.356326
-0.156006
-0.109142
0.750632
1.13809
-0.807771
-0.389322
-0.229299
0.877485
1.13235
0.93228
-0.495439
1.60763
-0.578725
1.14648
1.00018
0.891987
-0.247603
1.99541
1.39779
0.663818
2.25613
0.329847
-0.313563
2.14604
-2.01455
1.0894
-0.311559
0.288852
1.7249
-0.804727
-0.531774
-0.465681
0.665591
0.95872
0.426434
-0.230156
-1.33227
0.251832
-0.174312
0.859972
1.79659
-0.540183
-0.277733
-0.274859
0.776788
1.06842
0.336479
1.11667
0.805256
-0.371555
-2.01096
-1.36811
0.14666
0.424112
0.870453
-0.256086
-1.40765
0.585219
0.078239
-0.428035
1.25235
3.35699
1.70897
0.648528
-0.674674
-0.472408
0.118123
-0.103191
1.3245
0.0623139
1.04884
0.405069
0.349791
0.782912
-0.0549702
-1.44733
0.119476
0.101272
1.54786
0.338565
1.17869
0.78296
1.40091
-1.02423
-0.177615
-0.51226
0.256337
0.935686
-0.374672
-0.160887
3.0749
0.399024
-0.471217
-0.438858
2.32457
1.3965
1.5227
0.823684
0.793805
-1.53788
1.04294
0.951764
-0.724944
0.756928
-0.0671406
1.47883
0.880402
0.39622
0.284463
0.423359
0.698396
0.265897
0.863429
-1.00893
1.04773
1.05853
0.469746
1.53742
1.67616
0.568166
-1.14324
1.87985
0.180128
0.805361
0.106867
-1.46193
0.30307
2.09507
0.86947
0.759787
0.000870328
0.607384
-0.238969
0.803136
-0.577133
0.398301
-0.0163581
0.37253
-0.0764935
-1.07155
-0.140819
-0.0632098
-1.43576
1.68605
-0.601475
-1.77493
-1.33385
1.13747
0.0986984
2.0559
1.01003
-1.18533
-0.40254
-0.932895
0.252429
0.629188
-1.00901
1.26088
1.1463
-0.114294
-1.75445
1.05397
1.20789
-1.68907
-0.281236
-0.328989
-0.114707
0.928518
0.101111
0.159352
0.341175
0.282819
0.0230029
-0.518272
0.534314
0.210012
-0.697696
0.084739
-0.793872
-0.290876
0.318483
0.66812
-0.656716
-1.26716
-0.0894979
-1.79652
2.90907
1.53153
1.69535
0.645484
-1.00916
0.768461
-1.08487
-1.57657
-0.137623
1.55807
0.619426
0.337951
0.129327
-0.374694
-1.00647
1.05677
-2.66646
0.901368
1.33625
1.00001
0.946568
0.366348
-0.795058
0.870413
-0.308252
-0.538579
0.346997
-1.46598
0.0286397
-0.29036
2.72485
-2.32017
0.14996
-0.141302
2.01181
0.95774
0.593725
1.23719
0.215071
-0.0432337
3.51655
-0.384901
2.54301
-0.798243
0.314429
1.4963
0.997581
-1.31198
0.458803
-0.802544
0.00263333
-2.25563
-1.44762
1.17379
-0.364229
0.312642
1.94424
0.759481
0.118029
-2.39172
0.0524529
-0.0367637
0.693955
1.11405
1.84413
-1.48648
-1.73232
0.449876
1.78271
0.262049
0.286136
0.0423855
1.36225
0.330478
-0.651521
-0.614247
2.22705
-1.16982
0.192896
0.710117
0.514573
-2.30697
-0.307594
-0.113425
0.820712
-0.565556
1.04671
-1.6483
-0.0877406
0.229534
0.314357
-1.26508
1.45715
0.0952592
-1.6118
1.91983
-1.34462
-0.013746
0.00848325
0.0341379
3.3794
0.998459
0.0355469
-0.0916349
1.67235
0.623105
-0.0180015
-0.965019
0.0379846
-0.642752
-0.652191
0.815582
0.436527
-0.56308
-0.996577
-0.63425
1.0132
2.05137
0.0571586
1.40446
1.14537
-0.28448
-0.992393
0.508674
1.3304
0.552459
0.640578
1.31421
-0.423518
0.45972
-0.684895
1.04498
-0.22954
-0.403645
1.58099
0.449353
1.26517
-2.07818
1.05661
-0.9632
-0.281101
0.590955
0.761841
0.0674147
1.48666
1.22019
-0.373187
1.5392
0.218681
1.22642
-0.746205
-0.224475
0.587975
0.122717
-0.125172
-0.341998
-0.383913
0.428698
-0.577301
1.87989
0.118841
-0.57719
-0.456233
-0.310066
0.865155
0.0340008
-1.54989
1.21327
-0.276354
1.706
1.74531
-0.402883
1.32579
2.05442
1.52043
-0.288209
-0.859512
-1.70124
1.26042
-1.07938
0.563279
-1.58134
1.02586
-1.38626
1.19601
0.0469518
-0.905469
1.52727
0.339556
-0.856817
-1.10205
-0.612937
0.123988
3.1
0.733506
-0.671245
-0.134069
-0.532283
0.511672
0.809713
-0.307261
0.0490852
0.653001
0.251971
0.379563
0.473359
1.12311
1.27734
-0.744954
-1.59253
0.0344908
0.0651458
2.51789
0.756909
-1.89123
-1.27081
-1.51208
2.23935
-0.00114438
-0.95692
1.04207
0.0985755
0.95723
1.60998
-0.0868256
1.90297
-1.47239
-0.438301
-1.08498
0.499103
0.303766
2.77203
-1.79091
0.106943
-1.80087
1.53504
1.78067
0.888038
0.103288
-0.390718
1.31063
0.395346
0.168586
-0.503403
1.1885
2.2131
0.53335
-0.0196945
1.94935
-0.978743
1.37475
0.448775
1.61114
-0.472793
-0.964218
1.60013
2.07331
-0.479938
2.14378
1.16289
1.27623
0.933865
0.402508
-0.343991
0.518673
2.90974
1.30325
1.74301
0.109419
0.799658
0.142797
0.639939
-0.579193
0.454171
-2.35954
0.308488
-1.51118
0.138476
-0.645348
1.25453
-1.28907
0.293502
0.167154
0.0297082
-0.580452
0.903291
0.826761
-2.70359
-1.62206
1.92281
-0.401585
1.46721
-0.768589
0.854106
0.537268
0.46121
-2.32765
1.63972
0.679429
0.849817
-0.128828
-0.303504
1.90403
0.283432
1.05494
2.36973
-0.851587
0.214887
0.0464523
1.22436
-0.0395787
0.417487
0.615694
0.410341
0.0878996
-1.05178
-0.405544
2.73368
0.360941
-1.77241
1.18679
1.08977
0.192293
-0.0213282
-2.32236
-0.196631
0.65061
-0.709576
0.369637
-0.175961
0.169048
1.49605
0.319446
-1.8516
0.770706
-0.0887062
0.55425
0.929788
-0.802347
1.62847
-0.0410127
-0.274183
0.306812
-0.0670683
0.72519
-1.83045
0.312982
1.41499
2.32244
0.620533
1.42555
0.966904
-0.243543
-1.27316
-0.503162
0.220322
-0.0452295
0.645974
1.94836
2.43394
-0.315866
1.35357
0.925703
0.187503
1.31106
1.07158
1.06244
0.326976
-0.746669
0.77165
0.933418
0.249336
0.00968627
0.251757
1.9654
3.23092
0.218838
1.29239
0.0384915
-1.13413
0.37586
0.78026
-1.1696
-1.76244
1.1668
-0.0129999
-0.824705
1.01489
-0.722862
-0.652281
0.609524
1.0285
-0.162591
-1.27013
0.229124
-1.72134
1.15879
-0.910398
1.84287
-0.345251
0.437751
-2.78325
0.455497
0.622389
0.888659
-0.00051765
-0.520908
1.08643
-0.301279
-0.812649
-0.0964719
1.14311
-1.07198
0.254526
-1.51386
0.290729
-0.512671
0.427046
2.35907
-0.0267501
0.744997
-0.432002
2.42294
0.700056
0.970393
1.89521
-1.77415
1.75586
-1.31503
-0.305739
-2.45014
0.827697
0.471937
-1.04973
-0.73973
-0.548036
1.16264
-0.848893
0.00578023
0.664282
-0.759738
-0.496403
0.50865
-0.933605
0.900729
0.829735
0.149911
-1.04207
1.11003
0.278452
1.44596
0.190117
0.238725
-0.631206
1.2917
0.753242
0.972013
0.987173
0.522409
0.529782
0.907498
0.541064
-0.39957
-0.357192
-0.951191
-0.722094
-1.1075
0.238225
-1.83309
1.24296
0.018364
0.251689
-0.00729648
0.165436
-0.692104
0.583883
-0.0284099
-0.211863
0.830621
-0.606085
0.0454842
-1.14531
-2.44405
0.852238
1.05595
-1.84786
1.91056
1.18553
1.09134
-0.455056
0.52476
-0.180042
0.646707
-0.854874
0.0152979
0.281714
-0.41968
1.6268
0.861113
-0.0473936
1.50686
-0.419007
0.817
1.62653
-0.353742
-1.20533
-1.93808
0.963841
-1.07215
1.87063
-1.23825
0.165521
-0.62588
-0.520623
0.701849
-0.0808464
-0.191836
-1.90604
-0.422103
1.18459
-0.165994
-1.02247
-0.843837
1.95136
1.42311
0.778161
0.498478
2.02972
-0.536847
0.471665
-1.11534
1.12467
-0.722093
0.611395
1.7357
0.0132972
-0.0957713
-1.09087
0.359224
1.03712
1.92354
2.23585
-1.84681
0.6941
0.212352
2.65022
-0.342714
-0.29272
1.74105
-0.812874
1.10647
-0.3184
-0.860026
0.257636
0.243763
-0.0309131
-1.85892
0.234878
-0.833992
-0.633712
1.53766
-0.365858
-0.961375
-0.97841
0.759007
0.408373
2.00395
-0.0848613
-2.00241
0.352155
0.923582
1.07661
-0.0189249
-1.03871
-0.187233
0.904466
-0.0179168
-0.632312
-1.14193
0.950631
0.587081
1.03924
2.84125
0.772526
-1.46176
-0.859122
-0.138639
2.9421
-0.200076
0.634573
1.41069
1.60667
1.99581
-0.0541615
-0.337445
-1.00694
-1.82595
0.941675
-0.81981
-0.631203
-0.328298
0.702188
1.59921
1.28887
1.02228
0.19024
1.11723
0.598189
-0.804006
2.87736
-0.9153
-0.692275
0.647552
1.68156
0.648245
1.14388
1.45466
0.656598
1.1914
-1.00212
0.885941
1.22096
-1.67658
1.76553
-0.127064
0.178244
1.40141
1.02418
-1.64943
1.5678
-0.707303
0.61296
0.995975
0.221239
-0.744634
2.4777
-1.32587
1.11682
-1.22488
-1.27636
1.1437
-0.940932
-0.283078
1.06371
1.01049
-0.917672
0.878117
0.413885
-1.38664
0.314613
2.46611
-1.69623
0.0100819
-0.153294
-1.59827
1.72423
-1.28684
-0.541695
0.0490063
0.356046
-0.198496
-0.208649
0.514389
-0.102972
-0.790157
-1.29155
-0.512431
-0.132343
-1.14022
-0.863489
0.290177
1.53172
-1.14391
0.576967
0.376482
0.943701
1.37699
0.825835
2.3211
-0.443478
-0.00290003
-0.866786
1.11202
1.11222
0.138764
0.794344
1.1744
-0.0730118
-0.643088
0.217176
0.249231
-0.936525
1.38546
1.21536
-0.419982
-0.95036
-0.35685
-1.3099
1.29761
1.96014
2.18805
0.502471
1.259
0.458015
-1.41678
1.2598
0.225866
-0.184561
-0.283666
1.16729
0.0954442
-0.446441
1.97779
1.46509
-0.624776
1.50588
2.34406
-0.347185
-0.314915
1.84157
0.0784287
1.00589
0.749491
0.923508
-0.232628
-2.04368
0.323657
1.49981
-1.27945
1.5209
-0.457639
-0.627811
1.34218
0.597359
0.0635707
-0.258978
-0.141579
-0.917664
-0.204251
1.15725
-0.666536
0.145645
-1.28926
1.0303
-0.0621721
2.74379
0.419881
2.24348
0.578873
-1.26409
0.19745
1.63004
0.768683
1.21246
0.881824
0.177759
-0.992363
-1.72817
0.269193
-1.10868
0.626083
0.36681
1.0432
0.185292
2.34635
0.212092
0.318087
-0.230926
0.382255
-1.39481
0.364053
0.60304
-1.71824
0.358097
0.758624
-0.355526
-0.160627
-0.818023
1.81354
0.540241
0.789435
-1.43347
-0.884497
2.21881
0.206568
-0.153646
0.758305
0.338255
0.17307
-0.234613
-1.66797
0.57917
0.312497
0.409413
0.89195
2.20238
1.20079
1.22811
0.425858
2.08536
-0.901593
0.208911
2.24537
1.26354
-0.868098
-0.550998
0.648255
2.12351
0.791301
-0.127789
1.00964
1.83724
1.62471
1.64943
1.49813
-1.58751
1.11299
0.982542
0.584197
-0.505791
-0.635507
0.763525
-0.992106
0.744904
1.09826
-0.0224212
-0.997297
1.69048
-1.61762
0.518174
0.0718353
2.13693
0.739398
0.204596
-0.152007
-1.69345
-1.15937
0.201742
-0.609918
0.14859
-0.779942
-1.40827
-0.311313
0.112391
-2.77486
-0.0547549
0.677469
-1.37818
-0.975615
0.250663
0.582982
0.55724
0.562719
-0.16848
-0.582562
-0.153233
0.194017
0.54613
0.391149
0.0523897
-0.411298
1.8828
1.11116
0.982882
-1.81797
-0.763958
-0.911747
0.87307
-0.0717503
0.855122
-0.363978
1.73636
0.600065
0.76804
1.2837
1.19348
2.33636
0.249626
-0.542237
-0.25437
-0.89686
-0.285771
0.438615
1.16469
0.160908
-0.0972251
-0.91778
1.65684
0.189522
2.69545
0.13416
0.487009
-0.0979926
-0.596748
1.75373
-0.956116
0.726889
0.6571
1.79596
-1.09023
1.66304
-1.56407
1.28751
-0.0474961
1.94373
-1.81818
0.867566
-0.0661825
1.86081
-0.158803
0.130642
-0.2193
1.62669
0.0751495
-0.897618
1.13846
-1.04063
1.98299
1.43777
0.880037
1.76331
-0.266446
0.0609025
0.301768
-0.284487
1.29579
-0.31374
2.90057
-1.44814
0.0800619
-0.074873
1.56362
0.240285
0.330117
0.297042
-0.672859
1.85607
1.72773
-0.62474
0.664063
-0.352259
0.930511
0.534212
0.15692
-0.729265
1.21238
1.50842
0.133147
1.47096
0.503042
0.0942906
0.437174
-1.00079
1.41636
0.493178
-1.16211
-0.252164
0.985876
0.875755
-0.169295
-1.06862
-1.05082
0.398885
-0.484231
1.63754
1.70966
0.37078
0.621457
-0.763182
-1.2971
-1.87699
0.175746
0.477041
0.965652
1.88112
0.498278
1.96083
1.25245
-1.10715
-1.15709
0.197138
0.819752
-1.75537
-1.9632
-1.1578
1.17915
-0.0865773
0.931042
1.42296
0.547522
-2.72158
2.2932
0.950289
0.396061
2.102
2.14467
0.375531
0.47952
0.164554
0.0804697
0.235684
1.34948
-0.0100425
0.919881
0.660505
1.26012
0.562082
-2.40171
1.22835
0.122994
-0.141469
-0.47124
0.457201
0.326524
1.16527
2.00939
-0.0990241
0.718295
0.974856
0.571532
-1.22063
-0.883955
-0.596977
0.193686
-0.456641
0.325233
-0.531693
-0.807612
1.33445
0.982628
-0.338707
-0.304609
1.10695
-0.57837
0.335597
0.781194
-0.195147
-0.165325
-0.584171
0.334258
0.986287
-2.24092
1.66608
2.76834
-0.309914
-0.341628
-1.14776
1.58997
0.630825
1.88969
0.346469
0.633879
1.2379
-0.409202
-0.866226
-0.830023
0.747308
-0.890904
0.610759
0.330619
0.59678
0.353767
-1.06811
-0.889279
0.16697
0.667398
0.123123
1.38749
-0.637713
-1.41892
-0.94547
-1.26205
-0.531442
0.394208
2.58197
0.735994
1.30331
0.0906769
-0.685878
0.00980431
-0.914326
0.458536
1.24449
1.19207
-0.80064
-0.212948
0.798809
-0.38048
2.15889
-0.370891
-0.910188
1.50364
1.153
-0.330523
-1.17276
0.59654
0.628485
0.551319
1.07761
0.253157
0.084942
-0.794555
0.445375
-1.53829
0.632458
3.64235
0.485965
0.0260442
0.891226
-0.177176
-0.0512755
1.52376
0.120631
-0.314508
-0.646192
-1.50917
0.568308
-0.398879
-2.20997
-1.71526
-1.18729
-0.928477
-0.246417
-1.01289
1.17341
-0.283963
-0.809296
0.994552
-0.352918
0.455567
-0.382233
-1.21059
-0.0501816
0.873757
0.903702
-1.28997
2.22356
-0.121663
0.259578
0.464735
-0.02499
-0.607781
0.304061
1.00915
0.739489
-0.0701354
-0.199524
0.708543
0.766935
1.04458
-1.503
1.83314
0.392093
1.01918
0.889879
0.578544
0.994898
-0.593125
-1.28935
1.51829
0.152132
-0.435908
-1.36956
-0.355498
-1.38286
-0.655782
-0.40408
1.95693
0.664486
0.587909
-0.933614
-1.05749
1.58107
-0.590171
2.07944
-1.27066
0.170352
-0.540913
1.30766
-0.237272
0.255868
-0.463126
0.66264
2.10322
0.53593
1.3556
1.49978
0.868509
-0.335698
1.53579
0.108951
0.71069
1.14231
0.354184
-1.10846
-0.178722
-0.186912
-0.183646
0.712563
-2.45846
0.303694
1.45682
1.79507
-0.523294
-1.48562
2.08268
-1.43698
2.1672
0.662491
0.257572
-1.18146
0.45895
-1.58
0.277846
-0.708309
-0.71109
-0.832909
-1.02814
-0.339399
-0.0829159
-1.48961
1.86895
-0.628821
2.80824
0.31559
1.55596
0.663476
1.18695
0.539566
1.63056
-1.11801
-1.63605
1.66461
-2.55548
-0.849005
-0.522677
1.23756
0.654358
-0.113226
-0.233119
0.884879
-0.937599
0.476754
0.704113
-0.790779
-0.99513
-0.216031
-2.15497
0.969749
0.839975
-0.792774
2.45807
0.852253
0.0422133
0.317381
1.01649
0.928095
0.88842
-0.551321
1.10472
-1.45103
-0.722932
-2.27332
2.89452
-0.0758849
-0.647414
0.148894
0.242622
-0.254812
-2.02509
0.436496
0.799954
-0.55939
0.639003
-0.753109
1.35444
0.235063
0.710149
1.12695
-0.0625526
0.384105
0.778434
0.152707
1.31346
0.323057
2.20221
-1.21116
0.558302
0.312778
0.169793
0.0931658
0.0638339
1.12251
1.00746
0.994205
2.25641
0.0381133
-1.1317
0.754962
-0.583341
0.281791
0.0868842
0.490993
-0.157545
0.410646
-0.854443
0.481885
1.03689
-0.64384
0.496353
0.251738
1.39178
-0.784611
0.241343
-1.7991
-2.71496
2.14803
0.934139
0.244797
-0.6448
-0.820203
0.676739
1.37483
-1.49933
-1.08518
-0.647689
0.714689
0.0010553
1.72079
0.482988
-0.412465
0.239778
0.224547
-0.228623
0.820405
-1.20911
2.00812
-0.962284
-0.564055
-1.68078
1.45057
1.35302
2.2967
-0.563834
-0.717779
1.79502
-0.322847
-0.439334
-1.00832
0.596265
1.69035
1.5656
-0.933834
-0.270968
1.48227
-1.68614
-0.367747
1.45957
-0.98297
0.1715
1.10213
-0.622613
-0.143658
-0.147867
0.789802
-0.519437
0.209563
0.495672
3.63196
1.08526
1.06473
0.64384
-0.38828
0.218466
0.837821
-0.973761
0.467407
-0.7232
1.1182
0.304105
1.31867
-0.891111
0.976419
0.0238679
0.536483
1.25683
0.0411669
2.03262
3.27123
-1.07562
0.14952
-0.269555
-1.757
0.606332
0.494001
0.640328
-0.29878
0.50858
0.519662
-0.922836
-0.368044
-0.448756
-0.179825
-0.152953
-0.156606
2.09006
0.221886
0.588713
-0.288245
1.85211
0.383158
2.15354
-1.5455
0.629439
0.444491
0.895164
1.04331
1.14216
0.810339
1.22784
0.279018
-0.344881
-1.31856
0.119779
2.49484
0.798614
0.00646014
0.33038
1.91021
1.04488
-0.257637
1.13752
-0.78795
-0.327929
0.989233
2.36841
0.547719
0.904114
0.384551
0.162109
-1.70784
-0.564056
-0.536222
0.906279
-1.16673
-0.753538
-0.357211
0.653994
0.124239
-1.12132
0.76878
1.09271
0.720306
-1.13909
-1.18716
-0.473035
-2.06726
1.28209
-0.420437
1.35447
0.993752
-0.871558
0.274224
0.457345
-0.672763
0.10487
2.11842
-0.126999
0.193666
2.06306
0.595777
-0.0739424
-0.562714
-1.80143
-0.539473
-0.424016
0.0671756
0.377229
1.25083
-1.06373
0.590442
0.0598413
-0.480082
0.0175004
0.958879
0.726618
2.33009
0.497824
-1.67685
-0.605027
-0.466027
-0.259269
-1.0281
0.244131
-1.15756
0.180762
-0.138057
-1.18076
0.793026
-0.523129
1.19029
-0.869202
0.189791
-2.96699
-0.25742
-0.106149
-2.63886
-1.34894
0.337572
0.519158
0.322548
-1.93967
0.903099
0.476504
1.0528
-2.47701
-1.24639
1.45289
1.16661
0.202369
0.979266
-0.447176
-0.143554
0.608461
0.013022
2.65944
0.248903
-0.191474
1.18562
0.905017
1.74016
2.59704
-0.521583
2.23121
1.51871
0.816285
1.56736
1.92244
1.25559
2.94473
1.4002
-2.28455
-0.0891946
-0.368219
0.266435
-0.897756
0.789968
-1.94619
-0.285496
1.4012
-0.134967
0.308683
0.688911
-0.609826
-0.453242
-0.604492
-0.161778
1.84408
-0.907058
-1.52397
-0.530215
0.345239
-1.92865
-0.301502
0.307171
0.376794
-1.88727
-0.663383
0.443658
-1.42386
0.470213
-0.202156
-0.446993
-0.556864
-0.497798
-1.50886
0.686766
0.670086
0.812289
1.24042
-0.242443
0.883377
0.110321
-0.666689
0.606161
-0.944038
-0.360804
-0.206057
-0.94428
0.542479
0.984769
0.798633
-0.679946
-0.511201
-1.02529
-0.610213
1.79607
1.26177
-0.305159
1.76085
-1.07033
-0.07406
0.851928
0.347841
1.12959
0.194304
-0.173296
1.12505
1.55544
-1.03983
-0.420689
0.307311
-1.40482
0.0507587
1.89469
-0.137388
-0.51724
0.734062
0.0502636
0.497354
0.351906
0.000574157
0.00946655
-0.0553295
-1.64061
2.05116
-1.13333
-1.2853
-0.102136
1.57653
-0.401095
2.14956
0.910157
-0.659419
1.42734
-0.221037
-0.352395
-0.463135
-1.38384
1.11588
0.696939
1.75522
1.34943
-1.21991
-0.414168
0.282972
0.431159
1.42362
-0.336628
0.486923
1.78875
1.01077
0.909028
0.297113
0.396184
1.38495
1.6389
-0.745568
1.08419
-0.324545
0.53458
0.412124
0.19542
-0.368289
-0.72476
0.517797
1.18952
-0.218826
-1.722
-0.367154
0.437301
1.45194
-0.406728
-0.960401
0.783235
-0.0675254
1.83725
0.139078
-0.471977
-0.344441
-0.391119
-0.333886
0.398335
-1.06495
0.134668
1.1768
2.37913
2.6971
1.92593
-0.520507
-0.666217
-0.985411
0.462845
0.883862
-0.04007
-1.15188
