# sigma = 1
# mu = 0
# Number of data = 1000
-0.50033
7.14412
10.0464
-0.19046
57.1742
-1.80895
-0.475912
6.33398
28.2367
-0.158918
0.616703
-1.54073
-1.15789
-13.8447
-2.82057
-0.704665
-3.14637
-0.591943
17.2329
0.966319
-1.14764
0.173887
-5.98628
-59.8446
2.13725
-0.181869
0.116549
0.870491
0.121093
0.110302
0.590321
-4.1117
-0.721515
-0.137938
-0.52874
3.61304
0.61495
-5.3002
-5.88695
0.0383494
1.11657
1.58323
-1.5633
-0.0945534
0.432723
0.477302
-0.564492
0.809387
-0.425382
-1.41639
-0.262418
-0.346063
-1.29885
-0.567255
-0.7999
0.213478
-0.332298
-3.77844
1.20112
-0.338266
157.876
2.72294
0.0369373
-0.170917
0.278414
3.93815
-1.469
-0.486864
0.432544
-0.185996
0.0640241
0.215692
1.21309
-0.570758
3.15581
-2.13091
3.32051
4.18238
0.119185
-3.94474
-2.02897
0.585754
1.01211
1.23821
8.03316
-0.688798
-0.666313
-0.62899
2.34636
-1.20557
0.0691719
-1.92598
0.254951
0.970054
-0.504757
0.253603
1.14948
2.76773
-0.249851
-0.883466
1.11344
-0.392579
3.26485
-23.5964
0.400711
0.402674
-1.37114
19.5739
2.99503
-0.618294
-0.459481
-1.27771
-2.493
0.969196
0.636018
1.95926
0.504273
-0.914803
-0.396081
-0.74475
-1.49236
0.252946
-0.280245
-0.203742
1.378
1.99811
1.27455
-2.74198
2.37855
-0.842225
-0.535572
-1.76548
1.33181
-5.70479
-1.12322
-9.70732
-1.16029
-0.647076
0.519515
-0.459633
-1.62393
-0.839175
1.38166
3.89769
1.25413
-1.38207
0.776549
-3.29622
0.307155
0.845462
-0.398316
-0.360732
-0.981686
-0.0158025
0.19688
0.550295
-0.217496
-0.427612
-0.856494
1.85134
10.0117
-1.16333
0.749725
0.865282
-0.752055
-2.68594
-1.41864
8.28181
2.67598
-0.454701
-0.806695
28.1667
-0.455534
-0.981651
0.968187
0.47208
2.40108
-0.44689
-12.2123
-0.0483845
-3.77189
-0.403903
-0.498743
0.748038
-1.05173
5.68398
2.76964
-78.2217
-3.77455
-0.730119
3.46603
0.285152
0.934471
-0.562397
0.574402
5.43048
0.56168
0.960872
0.527647
5.3434
-2.10445
-0.542305
0.144049
-1.93262
0.45019
-1.04821
-2.05596
0.361242
-1.34618
-0.500259
-1.94292
-0.507397
-2.53681
0.182381
-1.56025
4.8403
-0.144555
2.89209
0.579732
39.118
-0.662953
-1.50446
0.566162
-1.11864
-0.513932
2.144
-0.94807
5.45697
0.845732
0.800615
-3.4854
-1.46183
-0.122483
-0.723395
0.631993
-2.48906
0.556395
-0.762711
-0.9591
0.256379
-3.4138
0.564455
6.05266
0.885661
3.46263
0.593064
3.57969
-0.569864
-4.64426
-25.5868
1.17188
2.93968
0.681027
-1.40849
-1.44667
4.91182
0.554742
-1.16252
-0.44663
7.71995
0.214264
-0.173455
0.266817
35.6145
2.9024
-0.371419
-4.32055
2.91769
-1.87161
0.435233
0.0155997
39.0908
3.42885
-1.80523
-4.78164
-0.530642
2.78993
1.14119
0.444865
3.00068
1.05054
-3.30351
-4.80314
1.66853
-55.105
0.329932
0.10771
7.1543
0.701244
9.1877
-0.777377
1.0303
0.193461
-0.143192
2.67116
1.23632
0.93494
-0.37408
0.289089
1.85866
-0.928684
1.05867
0.503675
-1.2469
-0.139895
2.94364
1.72985
-0.0566682
3.02331
-0.153097
6.6032
0.0933196
-1.43927
23.7678
-0.469277
-0.342731
0.0195066
-0.198132
-11.0699
1.07843
-0.666382
0.351787
0.105362
-6.61434
-1.22419
-1.25532
-0.674391
0.448233
27.3901
-1.2849
-1.01728
-0.510292
0.412188
-8.31798
7.14009
0.894663
-1.43219
2.03806
-5.55655
-0.275597
0.561724
-0.434738
0.238535
0.499426
-0.603374
-1.12087
5.3741
-3.36451
-3.23882
-0.137642
0.43452
-2.11098
-0.27465
-22.6931
3.91785
-1.5376
0.160113
-6.93471
-0.548363
0.864886
0.606567
1.09363
0.456049
-1.03754
0.828754
-0.199257
-0.555163
-0.498882
0.00112904
-1.20693
0.727085
1.22094
0.696389
0.719763
0.00709695
7.53836
-0.63436
0.549968
0.810862
3.51834
0.637601
-2.33532
-1.20962
-35.815
1.93782
-0.308775
1.84518
0.522183
-2.63277
1.73101
-2.7207
-0.749552
-1.17891
0.145318
1.55945
0.670147
0.30928
0.191093
-0.730385
-2.11202
-5.8355
-1.1625
0.285672
0.774914
0.681665
3.74127
-0.111757
45.8576
0.846968
-3.41357
0.476833
-0.452515
-0.51575
1.80707
-0.298417
-26.0911
0.570272
0.56472
0.746604
-0.478955
-0.034978
0.460193
-0.614324
2.77905
1.39184
0.843726
0.36233
3.40306
1.178
-0.491802
1.69155
-1.39066
-1.3911
2.18553
-1.13138
-0.869648
2.03585
0.0851632
-0.241461
-1.2601
-0.0251731
-0.483024
0.146736
7.07504
-1.54073
1.63932
-1.06948
-0.511892
2.90255
7.92887
-0.1168
2.33064
-0.112584
-3.68763
-0.0742763
10.6687
-0.949327
1.73699
2.62491
-1.64227
3.02717
5.54562
0.776524
-0.0879993
0.70628
-19.0577
-0.586478
47.0442
0.55715
-11.2464
0.100249
-7.15792
-0.674164
1.70259
24.8132
0.189761
7.54752
-0.316335
0.383766
0.43111
1.64804
-1.97877
-92.7711
-3.78441
-8.04077
-9.68862
-0.859221
2.87568
1.81041
-8.81567
-0.960792
6.29557
-1.72445
2.27204
-6.14374
-1.50801
-0.606144
-14.9084
-0.153233
-1.602
6.58903
-2.56488
4.73648
-1.1777
-7.30577
1.01989
1.10158
8.62022
-2.08844
-7.9949
-4.22406
-3.60995
-1.30713
0.259246
3.82754
0.028699
-0.763014
1.00952
-0.542714
4.08021
2.33687
0.748336
-12.8049
-0.631037
2.23495
-1.79302
18.8167
-0.447286
-1.26363
-2.938
-1.14933
0.542059
-0.811565
0.253157
0.0414163
-1.34759
0.664578
-1.67986
-0.365221
-0.659463
3.83114
-1.20263
68.2444
-1.13783
0.431224
-5.30841
1.26191
0.225578
-13.4358
0.281333
0.687989
0.222731
6.52503
2.6631
-0.354573
-0.0532481
14.9659
1.99796
2.48614
-12.2868
-1.20305
-0.41668
2.67999
-2.92497
1.40739
0.582954
5.39945
12.8422
-181.943
0.0131569
-0.235832
-1.83419
-0.193427
0.41431
-0.492259
-0.0262355
1.534
-2.09409
12.5935
2.3282
-0.655474
1.06949
0.0511908
-0.748782
-0.243922
-0.328677
10.1509
0.848701
-0.853188
-3.47802
-1.36428
-3.54562
-1.26496
0.232488
-1.71766
0.571354
5.16365
881.801
-5.96681
-1.07816
0.607473
0.068671
0.640581
-3.37159
5.89727
-0.698832
0.573735
-31.2106
1.86529
0.429671
2.50275
-2.42618
0.762727
0.443312
-1.43437
-0.00905012
-3.7461
1.83597
0.630837
-0.942582
0.311652
-0.572113
-0.562235
7.91839
-0.0558312
0.230448
2.30442
0.633396
-1.55975
-1.82438
1.53865
0.874206
-0.131905
-0.359946
0.0920219
-1.88412
-1.29083
0.287353
0.260383
-0.891601
-1.97367
-0.0921595
1.4568
19.366
1.12639
0.118327
-0.81067
39.233
17.6852
3.10327
0.564079
5.30185
0.190327
-17.1961
0.443814
0.0497717
2.14574
4.62835
-1.98281
-5.04966
5.60034
1.28134
-9.33946
-1.55542
-0.624469
1.80722
-0.0855816
6.71895
-0.810295
-0.878272
2.57772
3.28934
-2.67907
2.15604
0.765353
24.6783
0.369523
3.42027
-1.79774
-0.795612
-35.0914
-2.28396
0.891365
0.421999
86.0143
0.704206
0.609925
0.611945
-0.519699
-0.130101
7.84993
0.339851
0.487655
2.21836
0.261717
0.876817
1.95685
-1.15969
-0.273872
1.31845
0.331838
0.458678
0.0547988
0.274905
0.235119
2.20744
3.14139
15.2429
-0.456952
26.7685
-2.78227
1.60636
-0.234708
2.14652
-1.34213
10.4465
0.0933785
0.768965
0.883635
-1.56026
-0.471002
1.10072
2.91261
-9.53281
-4.55065
-0.624417
0.745059
2.65153
-0.400271
6.34482
1.95776
-2.54091
-0.0651243
3.93102
0.764382
-1.36409
0.596648
0.576614
-1.79253
-2.86864
-0.228501
0.76371
3.94274
0.414581
-0.766754
0.586638
-2.77289
-0.901557
3.04159
-2.14917
2.14715
0.0139919
-5.01513
-2.49893
1.22373
1.31354
-4.12024
-0.627712
-4.28459
-0.096305
0.360078
-2.20686
0.315001
5.10951
1.15169
0.240561
-6.10755
-2.50116
0.160222
-0.786399
0.748041
5.08428
-0.875396
-0.379682
24.1081
-7.76323
-0.328268
0.257964
2.45748
0.0603048
-0.240524
-1.11238
-32.6796
1.43899
0.396057
-0.414906
-3.08052
8.16219
1.31263
-0.952769
0.602029
-0.241447
-0.121991
1.09613
0.0803
-1284.47
-3.4099
-9.86072
-2.68209
-2.24266
-0.592802
-0.466028
0.850073
-0.758667
0.927114
-0.658111
1.51443
3.62666
-0.321617
-1.4156
-0.898109
0.129745
1.70193
-0.563479
1.08328
2.26428
0.858312
0.717451
-0.0285777
-0.424894
-1.94018
0.175631
-0.66708
-0.940906
0.232083
4.4686
1.36051
1.5678
-0.442197
-0.458823
1.29813
0.29941
-0.100705
-0.291432
0.569261
-1.19645
-0.781795
-1.52105
-0.461452
-0.224837
0.780036
-0.0632097
0.255942
-0.695983
0.061568
-0.236854
3.11624
0.316547
0.193445
0.0667565
-0.935107
-0.134985
1.49678
-0.0260697
-1.77957
-0.129925
15.4616
-5.14126
-0.640292
-2.03845
-2.37535
-0.0299503
0.293387
-7.26804
1.32891
7.19486
0.0781763
2.51674
-2.04042
-2.86132
-1.37646
-1.2168
-0.357417
-2.24364
1.31355
-0.0261886
2.34079
0.975879
-0.245494
-0.0657895
-0.202841
16.5281
59.4729
0.0171858
-0.285249
-1.3971
0.808945
-0.00532901
0.0286607
0.254359
-0.388935
-1.21852
0.639011
11.3026
0.509612
3.34804
-0.407607
-0.224043
-0.524078
-3.45754
2.77372
-0.0402104
2.09105
2.41493
-4.32295
-0.154458
-0.495922
2.86004
0.513641
3.17857
2.90023
-0.197184
0.0277967
0.0287642
-13.4491
2.60737
-1.09084
-0.706424
-0.775772
-0.808436
-1.34997
-5.44145
-1.29007
-0.205101
-2.77131
0.405433
0.921706
-41.9718
-0.344814
-0.0915568
3.23352
-0.615522
0.706136
1.47346
0.38127
-0.863677
3.72597
1.53881
-1.15758
-2.36794
-0.545313
0.0959859
-0.301766
-0.106624
-1.55881
3.17432
-1.95587
-3.63407
-1.25442
1.08372
-0.880934
1.91338
11.6681
0.419069
-0.426002
-0.175613
-0.0033682
-0.602715
-0.0203039
-0.683645
-5.88668
-0.138904
1.13395
-1.5092
1.17458
0.503484
-1.65654
-1.3602
1.44895
-0.598338
0.275122
-9.71877
-0.317525
-0.0891374
0.45289
1.62554
-56.509
1.11573
-41.5178
-3.48075
-0.148626
-0.985523
0.180359
0.502969
0.451941
-5.8068
-0.668865
-13.5368
-6.87939
0.239834
-0.0432332
11.059
0.129064
-0.704245
0.325217
-2.77605
-0.696681
-1.13718
0.946657
159.948
