# Posterior Distribution calculation
# Model: one Gaussian
# Configuration file: input_oneLorentz_histo.dat
# Sigma: 0.5 to 30, step 0.5
# Mu: -4 to 4, step 0.1
# Data file: LD_sample_1_histo.dat
# Data row: 7 to 210
# sigma_list[0] = 0.5
# sigma_list[1] = 1
# sigma_list[2] = 1.5
# sigma_list[3] = 2
# sigma_list[4] = 2.5
# sigma_list[5] = 3
# sigma_list[6] = 3.5
# sigma_list[7] = 4
# sigma_list[8] = 4.5
# sigma_list[9] = 5
# sigma_list[10] = 5.5
# sigma_list[11] = 6
# sigma_list[12] = 6.5
# sigma_list[13] = 7
# sigma_list[14] = 7.5
# sigma_list[15] = 8
# sigma_list[16] = 8.5
# sigma_list[17] = 9
# sigma_list[18] = 9.5
# sigma_list[19] = 10
# sigma_list[20] = 10.5
# sigma_list[21] = 11
# sigma_list[22] = 11.5
# sigma_list[23] = 12
# sigma_list[24] = 12.5
# sigma_list[25] = 13
# sigma_list[26] = 13.5
# sigma_list[27] = 14
# sigma_list[28] = 14.5
# sigma_list[29] = 15
# sigma_list[30] = 15.5
# sigma_list[31] = 16
# sigma_list[32] = 16.5
# sigma_list[33] = 17
# sigma_list[34] = 17.5
# sigma_list[35] = 18
# sigma_list[36] = 18.5
# sigma_list[37] = 19
# sigma_list[38] = 19.5
# sigma_list[39] = 20
# sigma_list[40] = 20.5
# sigma_list[41] = 21
# sigma_list[42] = 21.5
# sigma_list[43] = 22
# sigma_list[44] = 22.5
# sigma_list[45] = 23
# sigma_list[46] = 23.5
# sigma_list[47] = 24
# sigma_list[48] = 24.5
# sigma_list[49] = 25
# sigma_list[50] = 25.5
# sigma_list[51] = 26
# sigma_list[52] = 26.5
# sigma_list[53] = 27
# sigma_list[54] = 27.5
# sigma_list[55] = 28
# sigma_list[56] = 28.5
# sigma_list[57] = 29
# sigma_list[58] = 29.5
# sigma_list[59] = 30
# mu_list[0] = -4
# mu_list[1] = -3.9
# mu_list[2] = -3.8
# mu_list[3] = -3.7
# mu_list[4] = -3.6
# mu_list[5] = -3.5
# mu_list[6] = -3.4
# mu_list[7] = -3.3
# mu_list[8] = -3.2
# mu_list[9] = -3.1
# mu_list[10] = -3
# mu_list[11] = -2.9
# mu_list[12] = -2.8
# mu_list[13] = -2.7
# mu_list[14] = -2.6
# mu_list[15] = -2.5
# mu_list[16] = -2.4
# mu_list[17] = -2.3
# mu_list[18] = -2.2
# mu_list[19] = -2.1
# mu_list[20] = -2
# mu_list[21] = -1.9
# mu_list[22] = -1.8
# mu_list[23] = -1.7
# mu_list[24] = -1.6
# mu_list[25] = -1.5
# mu_list[26] = -1.4
# mu_list[27] = -1.3
# mu_list[28] = -1.2
# mu_list[29] = -1.1
# mu_list[30] = -1
# mu_list[31] = -0.9
# mu_list[32] = -0.8
# mu_list[33] = -0.7
# mu_list[34] = -0.6
# mu_list[35] = -0.5
# mu_list[36] = -0.4
# mu_list[37] = -0.3
# mu_list[38] = -0.2
# mu_list[39] = -0.1
# mu_list[40] = 0
# mu_list[41] = 0.1
# mu_list[42] = 0.2
# mu_list[43] = 0.3
# mu_list[44] = 0.4
# mu_list[45] = 0.5
# mu_list[46] = 0.6
# mu_list[47] = 0.7
# mu_list[48] = 0.8
# mu_list[49] = 0.9
# mu_list[50] = 1
# mu_list[51] = 1.1
# mu_list[52] = 1.2
# mu_list[53] = 1.3
# mu_list[54] = 1.4
# mu_list[55] = 1.5
# mu_list[56] = 1.6
# mu_list[57] = 1.7
# mu_list[58] = 1.8
# mu_list[59] = 1.9
# mu_list[60] = 2
# mu_list[61] = 2.1
# mu_list[62] = 2.2
# mu_list[63] = 2.3
# mu_list[64] = 2.4
# mu_list[65] = 2.5
# mu_list[66] = 2.6
# mu_list[67] = 2.7
# mu_list[68] = 2.8
# mu_list[69] = 2.9
# mu_list[70] = 3
# mu_list[71] = 3.1
# mu_list[72] = 3.2
# mu_list[73] = 3.3
# mu_list[74] = 3.4
# mu_list[75] = 3.5
# mu_list[76] = 3.6
# mu_list[77] = 3.7
# mu_list[78] = 3.8
# mu_list[79] = 3.9
# mu_list[80] = 4
# Free energy: 4537.27
# sigma mu posterior_distribution
0.5	-4	0
0.5	-3.9	0
0.5	-3.8	0
0.5	-3.7	0
0.5	-3.6	0
0.5	-3.5	0
0.5	-3.4	0
0.5	-3.3	0
0.5	-3.2	0
0.5	-3.1	0
0.5	-3	0
0.5	-2.9	0
0.5	-2.8	0
0.5	-2.7	0
0.5	-2.6	0
0.5	-2.5	0
0.5	-2.4	0
0.5	-2.3	0
0.5	-2.2	0
0.5	-2.1	0
0.5	-2	0
0.5	-1.9	0
0.5	-1.8	0
0.5	-1.7	0
0.5	-1.6	0
0.5	-1.5	0
0.5	-1.4	0
0.5	-1.3	0
0.5	-1.2	0
0.5	-1.1	0
0.5	-1	0
0.5	-0.9	0
0.5	-0.8	0
0.5	-0.7	0
0.5	-0.6	0
0.5	-0.5	0
0.5	-0.4	0
0.5	-0.3	0
0.5	-0.2	0
0.5	-0.1	0
0.5	0	0
0.5	0.1	0
0.5	0.2	0
0.5	0.3	0
0.5	0.4	0
0.5	0.5	0
0.5	0.6	0
0.5	0.7	0
0.5	0.8	0
0.5	0.9	0
0.5	1	0
0.5	1.1	0
0.5	1.2	0
0.5	1.3	0
0.5	1.4	0
0.5	1.5	0
0.5	1.6	0
0.5	1.7	0
0.5	1.8	0
0.5	1.9	0
0.5	2	0
0.5	2.1	0
0.5	2.2	0
0.5	2.3	0
0.5	2.4	0
0.5	2.5	0
0.5	2.6	0
0.5	2.7	0
0.5	2.8	0
0.5	2.9	0
0.5	3	0
0.5	3.1	0
0.5	3.2	0
0.5	3.3	0
0.5	3.4	0
0.5	3.5	0
0.5	3.6	0
0.5	3.7	0
0.5	3.8	0
0.5	3.9	0
0.5	4	0

1	-4	0
1	-3.9	0
1	-3.8	0
1	-3.7	0
1	-3.6	0
1	-3.5	0
1	-3.4	0
1	-3.3	0
1	-3.2	0
1	-3.1	0
1	-3	0
1	-2.9	0
1	-2.8	0
1	-2.7	0
1	-2.6	0
1	-2.5	0
1	-2.4	0
1	-2.3	0
1	-2.2	0
1	-2.1	0
1	-2	0
1	-1.9	0
1	-1.8	0
1	-1.7	0
1	-1.6	0
1	-1.5	0
1	-1.4	0
1	-1.3	0
1	-1.2	0
1	-1.1	0
1	-1	0
1	-0.9	0
1	-0.8	0
1	-0.7	0
1	-0.6	0
1	-0.5	0
1	-0.4	0
1	-0.3	0
1	-0.2	0
1	-0.1	0
1	0	0
1	0.1	0
1	0.2	0
1	0.3	0
1	0.4	0
1	0.5	0
1	0.6	0
1	0.7	0
1	0.8	0
1	0.9	0
1	1	0
1	1.1	0
1	1.2	0
1	1.3	0
1	1.4	0
1	1.5	0
1	1.6	0
1	1.7	0
1	1.8	0
1	1.9	0
1	2	0
1	2.1	0
1	2.2	0
1	2.3	0
1	2.4	0
1	2.5	0
1	2.6	0
1	2.7	0
1	2.8	0
1	2.9	0
1	3	0
1	3.1	0
1	3.2	0
1	3.3	0
1	3.4	0
1	3.5	0
1	3.6	0
1	3.7	0
1	3.8	0
1	3.9	0
1	4	0

1.5	-4	0
1.5	-3.9	0
1.5	-3.8	0
1.5	-3.7	0
1.5	-3.6	0
1.5	-3.5	0
1.5	-3.4	0
1.5	-3.3	0
1.5	-3.2	0
1.5	-3.1	0
1.5	-3	0
1.5	-2.9	0
1.5	-2.8	0
1.5	-2.7	0
1.5	-2.6	0
1.5	-2.5	0
1.5	-2.4	0
1.5	-2.3	0
1.5	-2.2	0
1.5	-2.1	0
1.5	-2	0
1.5	-1.9	0
1.5	-1.8	0
1.5	-1.7	0
1.5	-1.6	0
1.5	-1.5	0
1.5	-1.4	0
1.5	-1.3	0
1.5	-1.2	0
1.5	-1.1	0
1.5	-1	0
1.5	-0.9	0
1.5	-0.8	0
1.5	-0.7	0
1.5	-0.6	0
1.5	-0.5	0
1.5	-0.4	0
1.5	-0.3	0
1.5	-0.2	0
1.5	-0.1	0
1.5	0	0
1.5	0.1	0
1.5	0.2	0
1.5	0.3	0
1.5	0.4	0
1.5	0.5	0
1.5	0.6	0
1.5	0.7	0
1.5	0.8	0
1.5	0.9	0
1.5	1	0
1.5	1.1	0
1.5	1.2	0
1.5	1.3	0
1.5	1.4	0
1.5	1.5	0
1.5	1.6	0
1.5	1.7	0
1.5	1.8	0
1.5	1.9	0
1.5	2	0
1.5	2.1	0
1.5	2.2	0
1.5	2.3	0
1.5	2.4	0
1.5	2.5	0
1.5	2.6	0
1.5	2.7	0
1.5	2.8	0
1.5	2.9	0
1.5	3	0
1.5	3.1	0
1.5	3.2	0
1.5	3.3	0
1.5	3.4	0
1.5	3.5	0
1.5	3.6	0
1.5	3.7	0
1.5	3.8	0
1.5	3.9	0
1.5	4	0

2	-4	0
2	-3.9	0
2	-3.8	0
2	-3.7	0
2	-3.6	0
2	-3.5	0
2	-3.4	0
2	-3.3	0
2	-3.2	0
2	-3.1	0
2	-3	0
2	-2.9	0
2	-2.8	0
2	-2.7	0
2	-2.6	0
2	-2.5	0
2	-2.4	0
2	-2.3	0
2	-2.2	0
2	-2.1	0
2	-2	0
2	-1.9	0
2	-1.8	0
2	-1.7	0
2	-1.6	0
2	-1.5	0
2	-1.4	0
2	-1.3	0
2	-1.2	0
2	-1.1	0
2	-1	0
2	-0.9	0
2	-0.8	0
2	-0.7	0
2	-0.6	0
2	-0.5	0
2	-0.4	0
2	-0.3	0
2	-0.2	0
2	-0.1	0
2	0	0
2	0.1	0
2	0.2	0
2	0.3	0
2	0.4	0
2	0.5	0
2	0.6	0
2	0.7	0
2	0.8	0
2	0.9	0
2	1	0
2	1.1	0
2	1.2	0
2	1.3	0
2	1.4	0
2	1.5	0
2	1.6	0
2	1.7	0
2	1.8	0
2	1.9	0
2	2	0
2	2.1	0
2	2.2	0
2	2.3	0
2	2.4	0
2	2.5	0
2	2.6	0
2	2.7	0
2	2.8	0
2	2.9	0
2	3	0
2	3.1	0
2	3.2	0
2	3.3	0
2	3.4	0
2	3.5	0
2	3.6	0
2	3.7	0
2	3.8	0
2	3.9	0
2	4	0

2.5	-4	0
2.5	-3.9	0
2.5	-3.8	0
2.5	-3.7	0
2.5	-3.6	0
2.5	-3.5	0
2.5	-3.4	0
2.5	-3.3	0
2.5	-3.2	0
2.5	-3.1	0
2.5	-3	0
2.5	-2.9	0
2.5	-2.8	0
2.5	-2.7	0
2.5	-2.6	0
2.5	-2.5	0
2.5	-2.4	0
2.5	-2.3	0
2.5	-2.2	0
2.5	-2.1	0
2.5	-2	0
2.5	-1.9	0
2.5	-1.8	0
2.5	-1.7	0
2.5	-1.6	0
2.5	-1.5	0
2.5	-1.4	0
2.5	-1.3	0
2.5	-1.2	0
2.5	-1.1	0
2.5	-1	0
2.5	-0.9	0
2.5	-0.8	0
2.5	-0.7	0
2.5	-0.6	0
2.5	-0.5	0
2.5	-0.4	0
2.5	-0.3	0
2.5	-0.2	0
2.5	-0.1	0
2.5	0	0
2.5	0.1	0
2.5	0.2	0
2.5	0.3	0
2.5	0.4	0
2.5	0.5	0
2.5	0.6	0
2.5	0.7	0
2.5	0.8	0
2.5	0.9	0
2.5	1	0
2.5	1.1	0
2.5	1.2	0
2.5	1.3	0
2.5	1.4	0
2.5	1.5	0
2.5	1.6	0
2.5	1.7	0
2.5	1.8	0
2.5	1.9	0
2.5	2	0
2.5	2.1	0
2.5	2.2	0
2.5	2.3	0
2.5	2.4	0
2.5	2.5	0
2.5	2.6	0
2.5	2.7	0
2.5	2.8	0
2.5	2.9	0
2.5	3	0
2.5	3.1	0
2.5	3.2	0
2.5	3.3	0
2.5	3.4	0
2.5	3.5	0
2.5	3.6	0
2.5	3.7	0
2.5	3.8	0
2.5	3.9	0
2.5	4	0

3	-4	0
3	-3.9	0
3	-3.8	0
3	-3.7	0
3	-3.6	0
3	-3.5	0
3	-3.4	0
3	-3.3	0
3	-3.2	0
3	-3.1	0
3	-3	0
3	-2.9	0
3	-2.8	0
3	-2.7	0
3	-2.6	0
3	-2.5	0
3	-2.4	0
3	-2.3	0
3	-2.2	0
3	-2.1	0
3	-2	0
3	-1.9	0
3	-1.8	0
3	-1.7	0
3	-1.6	0
3	-1.5	0
3	-1.4	0
3	-1.3	0
3	-1.2	0
3	-1.1	0
3	-1	0
3	-0.9	0
3	-0.8	0
3	-0.7	0
3	-0.6	0
3	-0.5	0
3	-0.4	0
3	-0.3	0
3	-0.2	0
3	-0.1	0
3	0	0
3	0.1	0
3	0.2	0
3	0.3	0
3	0.4	0
3	0.5	0
3	0.6	0
3	0.7	0
3	0.8	0
3	0.9	0
3	1	0
3	1.1	0
3	1.2	0
3	1.3	0
3	1.4	0
3	1.5	0
3	1.6	0
3	1.7	0
3	1.8	0
3	1.9	0
3	2	0
3	2.1	0
3	2.2	0
3	2.3	0
3	2.4	0
3	2.5	0
3	2.6	0
3	2.7	0
3	2.8	0
3	2.9	0
3	3	0
3	3.1	0
3	3.2	0
3	3.3	0
3	3.4	0
3	3.5	0
3	3.6	0
3	3.7	0
3	3.8	0
3	3.9	0
3	4	0

3.5	-4	0
3.5	-3.9	0
3.5	-3.8	0
3.5	-3.7	0
3.5	-3.6	0
3.5	-3.5	0
3.5	-3.4	0
3.5	-3.3	0
3.5	-3.2	0
3.5	-3.1	0
3.5	-3	0
3.5	-2.9	0
3.5	-2.8	0
3.5	-2.7	0
3.5	-2.6	0
3.5	-2.5	0
3.5	-2.4	0
3.5	-2.3	0
3.5	-2.2	0
3.5	-2.1	0
3.5	-2	0
3.5	-1.9	0
3.5	-1.8	0
3.5	-1.7	0
3.5	-1.6	0
3.5	-1.5	0
3.5	-1.4	0
3.5	-1.3	0
3.5	-1.2	0
3.5	-1.1	0
3.5	-1	0
3.5	-0.9	0
3.5	-0.8	0
3.5	-0.7	0
3.5	-0.6	0
3.5	-0.5	0
3.5	-0.4	0
3.5	-0.3	0
3.5	-0.2	0
3.5	-0.1	0
3.5	0	0
3.5	0.1	0
3.5	0.2	0
3.5	0.3	0
3.5	0.4	0
3.5	0.5	0
3.5	0.6	0
3.5	0.7	0
3.5	0.8	0
3.5	0.9	0
3.5	1	0
3.5	1.1	0
3.5	1.2	0
3.5	1.3	0
3.5	1.4	0
3.5	1.5	0
3.5	1.6	0
3.5	1.7	0
3.5	1.8	0
3.5	1.9	0
3.5	2	0
3.5	2.1	0
3.5	2.2	0
3.5	2.3	0
3.5	2.4	0
3.5	2.5	0
3.5	2.6	0
3.5	2.7	0
3.5	2.8	0
3.5	2.9	0
3.5	3	0
3.5	3.1	0
3.5	3.2	0
3.5	3.3	0
3.5	3.4	0
3.5	3.5	0
3.5	3.6	0
3.5	3.7	0
3.5	3.8	0
3.5	3.9	0
3.5	4	0

4	-4	0
4	-3.9	0
4	-3.8	0
4	-3.7	0
4	-3.6	0
4	-3.5	0
4	-3.4	0
4	-3.3	0
4	-3.2	0
4	-3.1	0
4	-3	0
4	-2.9	0
4	-2.8	0
4	-2.7	0
4	-2.6	0
4	-2.5	0
4	-2.4	0
4	-2.3	0
4	-2.2	0
4	-2.1	0
4	-2	0
4	-1.9	0
4	-1.8	0
4	-1.7	0
4	-1.6	0
4	-1.5	0
4	-1.4	0
4	-1.3	0
4	-1.2	0
4	-1.1	0
4	-1	0
4	-0.9	0
4	-0.8	0
4	-0.7	0
4	-0.6	0
4	-0.5	0
4	-0.4	0
4	-0.3	0
4	-0.2	0
4	-0.1	0
4	0	0
4	0.1	0
4	0.2	0
4	0.3	0
4	0.4	0
4	0.5	0
4	0.6	0
4	0.7	0
4	0.8	0
4	0.9	0
4	1	0
4	1.1	0
4	1.2	0
4	1.3	0
4	1.4	0
4	1.5	0
4	1.6	0
4	1.7	0
4	1.8	0
4	1.9	0
4	2	0
4	2.1	0
4	2.2	0
4	2.3	0
4	2.4	0
4	2.5	0
4	2.6	0
4	2.7	0
4	2.8	0
4	2.9	0
4	3	0
4	3.1	0
4	3.2	0
4	3.3	0
4	3.4	0
4	3.5	0
4	3.6	0
4	3.7	0
4	3.8	0
4	3.9	0
4	4	0

4.5	-4	0
4.5	-3.9	0
4.5	-3.8	0
4.5	-3.7	0
4.5	-3.6	0
4.5	-3.5	0
4.5	-3.4	0
4.5	-3.3	0
4.5	-3.2	0
4.5	-3.1	0
4.5	-3	0
4.5	-2.9	0
4.5	-2.8	0
4.5	-2.7	0
4.5	-2.6	0
4.5	-2.5	0
4.5	-2.4	0
4.5	-2.3	0
4.5	-2.2	0
4.5	-2.1	0
4.5	-2	0
4.5	-1.9	0
4.5	-1.8	0
4.5	-1.7	0
4.5	-1.6	0
4.5	-1.5	0
4.5	-1.4	0
4.5	-1.3	0
4.5	-1.2	0
4.5	-1.1	0
4.5	-1	0
4.5	-0.9	0
4.5	-0.8	0
4.5	-0.7	0
4.5	-0.6	0
4.5	-0.5	0
4.5	-0.4	0
4.5	-0.3	0
4.5	-0.2	0
4.5	-0.1	0
4.5	0	0
4.5	0.1	0
4.5	0.2	0
4.5	0.3	0
4.5	0.4	0
4.5	0.5	0
4.5	0.6	0
4.5	0.7	0
4.5	0.8	0
4.5	0.9	0
4.5	1	0
4.5	1.1	0
4.5	1.2	0
4.5	1.3	0
4.5	1.4	0
4.5	1.5	0
4.5	1.6	0
4.5	1.7	0
4.5	1.8	0
4.5	1.9	0
4.5	2	0
4.5	2.1	0
4.5	2.2	0
4.5	2.3	0
4.5	2.4	0
4.5	2.5	0
4.5	2.6	0
4.5	2.7	0
4.5	2.8	0
4.5	2.9	0
4.5	3	0
4.5	3.1	0
4.5	3.2	0
4.5	3.3	0
4.5	3.4	0
4.5	3.5	0
4.5	3.6	0
4.5	3.7	0
4.5	3.8	0
4.5	3.9	0
4.5	4	0

5	-4	0
5	-3.9	0
5	-3.8	0
5	-3.7	0
5	-3.6	0
5	-3.5	0
5	-3.4	0
5	-3.3	0
5	-3.2	0
5	-3.1	0
5	-3	0
5	-2.9	0
5	-2.8	0
5	-2.7	0
5	-2.6	0
5	-2.5	0
5	-2.4	0
5	-2.3	0
5	-2.2	0
5	-2.1	0
5	-2	0
5	-1.9	0
5	-1.8	0
5	-1.7	0
5	-1.6	0
5	-1.5	0
5	-1.4	0
5	-1.3	0
5	-1.2	0
5	-1.1	0
5	-1	0
5	-0.9	0
5	-0.8	0
5	-0.7	0
5	-0.6	0
5	-0.5	0
5	-0.4	0
5	-0.3	0
5	-0.2	0
5	-0.1	0
5	0	0
5	0.1	0
5	0.2	0
5	0.3	0
5	0.4	0
5	0.5	0
5	0.6	0
5	0.7	0
5	0.8	0
5	0.9	0
5	1	0
5	1.1	0
5	1.2	0
5	1.3	0
5	1.4	0
5	1.5	0
5	1.6	0
5	1.7	0
5	1.8	0
5	1.9	0
5	2	0
5	2.1	0
5	2.2	0
5	2.3	0
5	2.4	0
5	2.5	0
5	2.6	0
5	2.7	0
5	2.8	0
5	2.9	0
5	3	0
5	3.1	0
5	3.2	0
5	3.3	0
5	3.4	0
5	3.5	0
5	3.6	0
5	3.7	0
5	3.8	0
5	3.9	0
5	4	0

5.5	-4	0
5.5	-3.9	0
5.5	-3.8	0
5.5	-3.7	0
5.5	-3.6	0
5.5	-3.5	0
5.5	-3.4	0
5.5	-3.3	0
5.5	-3.2	0
5.5	-3.1	0
5.5	-3	0
5.5	-2.9	0
5.5	-2.8	0
5.5	-2.7	0
5.5	-2.6	0
5.5	-2.5	0
5.5	-2.4	0
5.5	-2.3	0
5.5	-2.2	0
5.5	-2.1	0
5.5	-2	0
5.5	-1.9	0
5.5	-1.8	0
5.5	-1.7	0
5.5	-1.6	0
5.5	-1.5	0
5.5	-1.4	0
5.5	-1.3	0
5.5	-1.2	0
5.5	-1.1	0
5.5	-1	0
5.5	-0.9	0
5.5	-0.8	0
5.5	-0.7	0
5.5	-0.6	0
5.5	-0.5	0
5.5	-0.4	0
5.5	-0.3	0
5.5	-0.2	0
5.5	-0.1	0
5.5	0	0
5.5	0.1	0
5.5	0.2	0
5.5	0.3	0
5.5	0.4	0
5.5	0.5	0
5.5	0.6	0
5.5	0.7	0
5.5	0.8	0
5.5	0.9	0
5.5	1	0
5.5	1.1	0
5.5	1.2	0
5.5	1.3	0
5.5	1.4	0
5.5	1.5	0
5.5	1.6	0
5.5	1.7	0
5.5	1.8	0
5.5	1.9	0
5.5	2	0
5.5	2.1	0
5.5	2.2	0
5.5	2.3	0
5.5	2.4	0
5.5	2.5	0
5.5	2.6	0
5.5	2.7	0
5.5	2.8	0
5.5	2.9	0
5.5	3	0
5.5	3.1	0
5.5	3.2	0
5.5	3.3	0
5.5	3.4	0
5.5	3.5	0
5.5	3.6	0
5.5	3.7	0
5.5	3.8	0
5.5	3.9	0
5.5	4	0

6	-4	0
6	-3.9	0
6	-3.8	0
6	-3.7	0
6	-3.6	0
6	-3.5	0
6	-3.4	0
6	-3.3	0
6	-3.2	0
6	-3.1	0
6	-3	0
6	-2.9	0
6	-2.8	0
6	-2.7	0
6	-2.6	0
6	-2.5	0
6	-2.4	0
6	-2.3	0
6	-2.2	0
6	-2.1	0
6	-2	0
6	-1.9	0
6	-1.8	0
6	-1.7	0
6	-1.6	0
6	-1.5	0
6	-1.4	0
6	-1.3	0
6	-1.2	0
6	-1.1	0
6	-1	0
6	-0.9	0
6	-0.8	0
6	-0.7	0
6	-0.6	0
6	-0.5	0
6	-0.4	0
6	-0.3	0
6	-0.2	0
6	-0.1	0
6	0	0
6	0.1	0
6	0.2	0
6	0.3	0
6	0.4	0
6	0.5	0
6	0.6	0
6	0.7	0
6	0.8	0
6	0.9	0
6	1	0
6	1.1	0
6	1.2	0
6	1.3	0
6	1.4	0
6	1.5	0
6	1.6	0
6	1.7	0
6	1.8	0
6	1.9	0
6	2	0
6	2.1	0
6	2.2	0
6	2.3	0
6	2.4	0
6	2.5	0
6	2.6	0
6	2.7	0
6	2.8	0
6	2.9	0
6	3	0
6	3.1	0
6	3.2	0
6	3.3	0
6	3.4	0
6	3.5	0
6	3.6	0
6	3.7	0
6	3.8	0
6	3.9	0
6	4	0

6.5	-4	0
6.5	-3.9	0
6.5	-3.8	0
6.5	-3.7	0
6.5	-3.6	0
6.5	-3.5	0
6.5	-3.4	0
6.5	-3.3	0
6.5	-3.2	0
6.5	-3.1	0
6.5	-3	0
6.5	-2.9	0
6.5	-2.8	0
6.5	-2.7	0
6.5	-2.6	0
6.5	-2.5	0
6.5	-2.4	0
6.5	-2.3	0
6.5	-2.2	0
6.5	-2.1	0
6.5	-2	0
6.5	-1.9	0
6.5	-1.8	0
6.5	-1.7	0
6.5	-1.6	0
6.5	-1.5	0
6.5	-1.4	0
6.5	-1.3	0
6.5	-1.2	0
6.5	-1.1	0
6.5	-1	0
6.5	-0.9	0
6.5	-0.8	0
6.5	-0.7	0
6.5	-0.6	0
6.5	-0.5	0
6.5	-0.4	0
6.5	-0.3	0
6.5	-0.2	0
6.5	-0.1	0
6.5	0	0
6.5	0.1	0
6.5	0.2	0
6.5	0.3	0
6.5	0.4	0
6.5	0.5	0
6.5	0.6	0
6.5	0.7	0
6.5	0.8	0
6.5	0.9	0
6.5	1	0
6.5	1.1	0
6.5	1.2	0
6.5	1.3	0
6.5	1.4	0
6.5	1.5	0
6.5	1.6	0
6.5	1.7	0
6.5	1.8	0
6.5	1.9	0
6.5	2	0
6.5	2.1	0
6.5	2.2	0
6.5	2.3	0
6.5	2.4	0
6.5	2.5	0
6.5	2.6	0
6.5	2.7	0
6.5	2.8	0
6.5	2.9	0
6.5	3	0
6.5	3.1	0
6.5	3.2	0
6.5	3.3	0
6.5	3.4	0
6.5	3.5	0
6.5	3.6	0
6.5	3.7	0
6.5	3.8	0
6.5	3.9	0
6.5	4	0

7	-4	0
7	-3.9	0
7	-3.8	0
7	-3.7	0
7	-3.6	0
7	-3.5	0
7	-3.4	0
7	-3.3	0
7	-3.2	0
7	-3.1	0
7	-3	0
7	-2.9	0
7	-2.8	0
7	-2.7	0
7	-2.6	0
7	-2.5	0
7	-2.4	0
7	-2.3	0
7	-2.2	0
7	-2.1	0
7	-2	0
7	-1.9	0
7	-1.8	0
7	-1.7	0
7	-1.6	0
7	-1.5	0
7	-1.4	0
7	-1.3	0
7	-1.2	0
7	-1.1	0
7	-1	0
7	-0.9	0
7	-0.8	0
7	-0.7	0
7	-0.6	0
7	-0.5	0
7	-0.4	0
7	-0.3	0
7	-0.2	0
7	-0.1	0
7	0	0
7	0.1	0
7	0.2	0
7	0.3	0
7	0.4	0
7	0.5	0
7	0.6	0
7	0.7	0
7	0.8	0
7	0.9	0
7	1	0
7	1.1	0
7	1.2	0
7	1.3	0
7	1.4	0
7	1.5	0
7	1.6	0
7	1.7	0
7	1.8	0
7	1.9	0
7	2	0
7	2.1	0
7	2.2	0
7	2.3	0
7	2.4	0
7	2.5	0
7	2.6	0
7	2.7	0
7	2.8	0
7	2.9	0
7	3	0
7	3.1	0
7	3.2	0
7	3.3	0
7	3.4	0
7	3.5	0
7	3.6	0
7	3.7	0
7	3.8	0
7	3.9	0
7	4	0

7.5	-4	0
7.5	-3.9	0
7.5	-3.8	0
7.5	-3.7	0
7.5	-3.6	0
7.5	-3.5	0
7.5	-3.4	0
7.5	-3.3	0
7.5	-3.2	0
7.5	-3.1	0
7.5	-3	0
7.5	-2.9	0
7.5	-2.8	0
7.5	-2.7	0
7.5	-2.6	0
7.5	-2.5	0
7.5	-2.4	0
7.5	-2.3	0
7.5	-2.2	0
7.5	-2.1	0
7.5	-2	0
7.5	-1.9	0
7.5	-1.8	0
7.5	-1.7	0
7.5	-1.6	0
7.5	-1.5	0
7.5	-1.4	0
7.5	-1.3	0
7.5	-1.2	0
7.5	-1.1	0
7.5	-1	0
7.5	-0.9	0
7.5	-0.8	0
7.5	-0.7	0
7.5	-0.6	0
7.5	-0.5	0
7.5	-0.4	0
7.5	-0.3	0
7.5	-0.2	0
7.5	-0.1	0
7.5	0	0
7.5	0.1	0
7.5	0.2	0
7.5	0.3	0
7.5	0.4	0
7.5	0.5	0
7.5	0.6	0
7.5	0.7	0
7.5	0.8	0
7.5	0.9	0
7.5	1	0
7.5	1.1	0
7.5	1.2	0
7.5	1.3	0
7.5	1.4	0
7.5	1.5	0
7.5	1.6	0
7.5	1.7	0
7.5	1.8	0
7.5	1.9	0
7.5	2	0
7.5	2.1	0
7.5	2.2	0
7.5	2.3	0
7.5	2.4	0
7.5	2.5	0
7.5	2.6	0
7.5	2.7	0
7.5	2.8	0
7.5	2.9	0
7.5	3	0
7.5	3.1	0
7.5	3.2	0
7.5	3.3	0
7.5	3.4	0
7.5	3.5	0
7.5	3.6	0
7.5	3.7	0
7.5	3.8	0
7.5	3.9	0
7.5	4	0

8	-4	0
8	-3.9	0
8	-3.8	0
8	-3.7	0
8	-3.6	0
8	-3.5	0
8	-3.4	0
8	-3.3	0
8	-3.2	0
8	-3.1	0
8	-3	0
8	-2.9	0
8	-2.8	0
8	-2.7	0
8	-2.6	0
8	-2.5	0
8	-2.4	0
8	-2.3	0
8	-2.2	0
8	-2.1	0
8	-2	0
8	-1.9	0
8	-1.8	0
8	-1.7	0
8	-1.6	0
8	-1.5	0
8	-1.4	0
8	-1.3	0
8	-1.2	0
8	-1.1	0
8	-1	0
8	-0.9	0
8	-0.8	0
8	-0.7	0
8	-0.6	0
8	-0.5	0
8	-0.4	0
8	-0.3	0
8	-0.2	0
8	-0.1	0
8	0	0
8	0.1	0
8	0.2	0
8	0.3	0
8	0.4	0
8	0.5	0
8	0.6	0
8	0.7	0
8	0.8	0
8	0.9	0
8	1	0
8	1.1	0
8	1.2	0
8	1.3	0
8	1.4	0
8	1.5	0
8	1.6	0
8	1.7	0
8	1.8	0
8	1.9	0
8	2	0
8	2.1	0
8	2.2	0
8	2.3	0
8	2.4	0
8	2.5	0
8	2.6	0
8	2.7	0
8	2.8	0
8	2.9	0
8	3	0
8	3.1	0
8	3.2	0
8	3.3	0
8	3.4	0
8	3.5	0
8	3.6	0
8	3.7	0
8	3.8	0
8	3.9	0
8	4	0

8.5	-4	0
8.5	-3.9	0
8.5	-3.8	0
8.5	-3.7	0
8.5	-3.6	0
8.5	-3.5	0
8.5	-3.4	0
8.5	-3.3	0
8.5	-3.2	0
8.5	-3.1	0
8.5	-3	0
8.5	-2.9	0
8.5	-2.8	0
8.5	-2.7	0
8.5	-2.6	0
8.5	-2.5	0
8.5	-2.4	0
8.5	-2.3	0
8.5	-2.2	0
8.5	-2.1	0
8.5	-2	0
8.5	-1.9	0
8.5	-1.8	0
8.5	-1.7	0
8.5	-1.6	0
8.5	-1.5	0
8.5	-1.4	0
8.5	-1.3	0
8.5	-1.2	0
8.5	-1.1	0
8.5	-1	0
8.5	-0.9	0
8.5	-0.8	0
8.5	-0.7	0
8.5	-0.6	0
8.5	-0.5	0
8.5	-0.4	0
8.5	-0.3	0
8.5	-0.2	0
8.5	-0.1	0
8.5	0	0
8.5	0.1	0
8.5	0.2	0
8.5	0.3	0
8.5	0.4	0
8.5	0.5	0
8.5	0.6	0
8.5	0.7	0
8.5	0.8	0
8.5	0.9	0
8.5	1	0
8.5	1.1	0
8.5	1.2	0
8.5	1.3	0
8.5	1.4	0
8.5	1.5	0
8.5	1.6	0
8.5	1.7	0
8.5	1.8	0
8.5	1.9	0
8.5	2	0
8.5	2.1	0
8.5	2.2	0
8.5	2.3	0
8.5	2.4	0
8.5	2.5	0
8.5	2.6	0
8.5	2.7	0
8.5	2.8	0
8.5	2.9	0
8.5	3	0
8.5	3.1	0
8.5	3.2	0
8.5	3.3	0
8.5	3.4	0
8.5	3.5	0
8.5	3.6	0
8.5	3.7	0
8.5	3.8	0
8.5	3.9	0
8.5	4	0

9	-4	0
9	-3.9	0
9	-3.8	0
9	-3.7	0
9	-3.6	0
9	-3.5	0
9	-3.4	0
9	-3.3	0
9	-3.2	0
9	-3.1	0
9	-3	0
9	-2.9	0
9	-2.8	0
9	-2.7	0
9	-2.6	0
9	-2.5	0
9	-2.4	0
9	-2.3	0
9	-2.2	0
9	-2.1	0
9	-2	0
9	-1.9	0
9	-1.8	0
9	-1.7	0
9	-1.6	0
9	-1.5	0
9	-1.4	0
9	-1.3	0
9	-1.2	0
9	-1.1	0
9	-1	0
9	-0.9	0
9	-0.8	0
9	-0.7	0
9	-0.6	0
9	-0.5	0
9	-0.4	0
9	-0.3	0
9	-0.2	0
9	-0.1	0
9	0	0
9	0.1	0
9	0.2	0
9	0.3	0
9	0.4	0
9	0.5	0
9	0.6	0
9	0.7	0
9	0.8	0
9	0.9	0
9	1	0
9	1.1	0
9	1.2	0
9	1.3	0
9	1.4	0
9	1.5	0
9	1.6	0
9	1.7	0
9	1.8	0
9	1.9	0
9	2	0
9	2.1	0
9	2.2	0
9	2.3	0
9	2.4	0
9	2.5	0
9	2.6	0
9	2.7	0
9	2.8	0
9	2.9	0
9	3	0
9	3.1	0
9	3.2	0
9	3.3	0
9	3.4	0
9	3.5	0
9	3.6	0
9	3.7	0
9	3.8	0
9	3.9	0
9	4	0

9.5	-4	0
9.5	-3.9	0
9.5	-3.8	0
9.5	-3.7	0
9.5	-3.6	0
9.5	-3.5	0
9.5	-3.4	0
9.5	-3.3	0
9.5	-3.2	0
9.5	-3.1	0
9.5	-3	0
9.5	-2.9	0
9.5	-2.8	0
9.5	-2.7	0
9.5	-2.6	0
9.5	-2.5	0
9.5	-2.4	0
9.5	-2.3	0
9.5	-2.2	0
9.5	-2.1	0
9.5	-2	0
9.5	-1.9	0
9.5	-1.8	0
9.5	-1.7	0
9.5	-1.6	0
9.5	-1.5	0
9.5	-1.4	0
9.5	-1.3	0
9.5	-1.2	0
9.5	-1.1	0
9.5	-1	0
9.5	-0.9	0
9.5	-0.8	0
9.5	-0.7	0
9.5	-0.6	0
9.5	-0.5	0
9.5	-0.4	0
9.5	-0.3	0
9.5	-0.2	0
9.5	-0.1	0
9.5	0	0
9.5	0.1	0
9.5	0.2	0
9.5	0.3	0
9.5	0.4	0
9.5	0.5	0
9.5	0.6	0
9.5	0.7	0
9.5	0.8	0
9.5	0.9	0
9.5	1	0
9.5	1.1	0
9.5	1.2	0
9.5	1.3	0
9.5	1.4	0
9.5	1.5	0
9.5	1.6	0
9.5	1.7	0
9.5	1.8	0
9.5	1.9	0
9.5	2	0
9.5	2.1	0
9.5	2.2	0
9.5	2.3	0
9.5	2.4	0
9.5	2.5	0
9.5	2.6	0
9.5	2.7	0
9.5	2.8	0
9.5	2.9	0
9.5	3	0
9.5	3.1	0
9.5	3.2	0
9.5	3.3	0
9.5	3.4	0
9.5	3.5	0
9.5	3.6	0
9.5	3.7	0
9.5	3.8	0
9.5	3.9	0
9.5	4	0

10	-4	0
10	-3.9	0
10	-3.8	0
10	-3.7	0
10	-3.6	0
10	-3.5	0
10	-3.4	0
10	-3.3	0
10	-3.2	0
10	-3.1	0
10	-3	0
10	-2.9	0
10	-2.8	0
10	-2.7	0
10	-2.6	0
10	-2.5	0
10	-2.4	0
10	-2.3	0
10	-2.2	0
10	-2.1	0
10	-2	0
10	-1.9	0
10	-1.8	0
10	-1.7	0
10	-1.6	0
10	-1.5	0
10	-1.4	0
10	-1.3	0
10	-1.2	0
10	-1.1	0
10	-1	0
10	-0.9	0
10	-0.8	0
10	-0.7	0
10	-0.6	0
10	-0.5	0
10	-0.4	0
10	-0.3	0
10	-0.2	0
10	-0.1	0
10	0	0
10	0.1	0
10	0.2	0
10	0.3	0
10	0.4	0
10	0.5	0
10	0.6	0
10	0.7	0
10	0.8	0
10	0.9	0
10	1	0
10	1.1	0
10	1.2	0
10	1.3	0
10	1.4	0
10	1.5	0
10	1.6	0
10	1.7	0
10	1.8	0
10	1.9	0
10	2	0
10	2.1	0
10	2.2	0
10	2.3	0
10	2.4	0
10	2.5	0
10	2.6	0
10	2.7	0
10	2.8	0
10	2.9	0
10	3	0
10	3.1	0
10	3.2	0
10	3.3	0
10	3.4	0
10	3.5	0
10	3.6	0
10	3.7	0
10	3.8	0
10	3.9	0
10	4	0

10.5	-4	0
10.5	-3.9	0
10.5	-3.8	0
10.5	-3.7	0
10.5	-3.6	0
10.5	-3.5	0
10.5	-3.4	0
10.5	-3.3	0
10.5	-3.2	0
10.5	-3.1	0
10.5	-3	0
10.5	-2.9	0
10.5	-2.8	0
10.5	-2.7	0
10.5	-2.6	0
10.5	-2.5	0
10.5	-2.4	0
10.5	-2.3	0
10.5	-2.2	0
10.5	-2.1	0
10.5	-2	0
10.5	-1.9	0
10.5	-1.8	0
10.5	-1.7	0
10.5	-1.6	0
10.5	-1.5	0
10.5	-1.4	0
10.5	-1.3	0
10.5	-1.2	0
10.5	-1.1	0
10.5	-1	0
10.5	-0.9	0
10.5	-0.8	0
10.5	-0.7	0
10.5	-0.6	0
10.5	-0.5	0
10.5	-0.4	0
10.5	-0.3	0
10.5	-0.2	0
10.5	-0.1	0
10.5	0	0
10.5	0.1	0
10.5	0.2	0
10.5	0.3	0
10.5	0.4	0
10.5	0.5	0
10.5	0.6	0
10.5	0.7	0
10.5	0.8	0
10.5	0.9	0
10.5	1	0
10.5	1.1	0
10.5	1.2	0
10.5	1.3	0
10.5	1.4	0
10.5	1.5	0
10.5	1.6	0
10.5	1.7	0
10.5	1.8	0
10.5	1.9	0
10.5	2	0
10.5	2.1	0
10.5	2.2	0
10.5	2.3	0
10.5	2.4	0
10.5	2.5	0
10.5	2.6	0
10.5	2.7	0
10.5	2.8	0
10.5	2.9	0
10.5	3	0
10.5	3.1	0
10.5	3.2	0
10.5	3.3	0
10.5	3.4	0
10.5	3.5	0
10.5	3.6	0
10.5	3.7	0
10.5	3.8	0
10.5	3.9	0
10.5	4	0

11	-4	0
11	-3.9	0
11	-3.8	0
11	-3.7	0
11	-3.6	0
11	-3.5	0
11	-3.4	0
11	-3.3	0
11	-3.2	0
11	-3.1	0
11	-3	0
11	-2.9	0
11	-2.8	0
11	-2.7	0
11	-2.6	0
11	-2.5	0
11	-2.4	0
11	-2.3	0
11	-2.2	0
11	-2.1	0
11	-2	0
11	-1.9	0
11	-1.8	0
11	-1.7	0
11	-1.6	0
11	-1.5	0
11	-1.4	0
11	-1.3	0
11	-1.2	0
11	-1.1	0
11	-1	0
11	-0.9	0
11	-0.8	0
11	-0.7	0
11	-0.6	0
11	-0.5	0
11	-0.4	0
11	-0.3	0
11	-0.2	0
11	-0.1	0
11	0	0
11	0.1	0
11	0.2	0
11	0.3	0
11	0.4	0
11	0.5	0
11	0.6	0
11	0.7	0
11	0.8	0
11	0.9	0
11	1	0
11	1.1	0
11	1.2	0
11	1.3	0
11	1.4	0
11	1.5	0
11	1.6	0
11	1.7	0
11	1.8	0
11	1.9	0
11	2	0
11	2.1	0
11	2.2	0
11	2.3	0
11	2.4	0
11	2.5	0
11	2.6	0
11	2.7	0
11	2.8	0
11	2.9	0
11	3	0
11	3.1	0
11	3.2	0
11	3.3	0
11	3.4	0
11	3.5	0
11	3.6	0
11	3.7	0
11	3.8	0
11	3.9	0
11	4	0

11.5	-4	0
11.5	-3.9	0
11.5	-3.8	0
11.5	-3.7	0
11.5	-3.6	0
11.5	-3.5	0
11.5	-3.4	0
11.5	-3.3	0
11.5	-3.2	0
11.5	-3.1	0
11.5	-3	0
11.5	-2.9	0
11.5	-2.8	0
11.5	-2.7	0
11.5	-2.6	0
11.5	-2.5	0
11.5	-2.4	0
11.5	-2.3	0
11.5	-2.2	0
11.5	-2.1	0
11.5	-2	0
11.5	-1.9	0
11.5	-1.8	0
11.5	-1.7	0
11.5	-1.6	0
11.5	-1.5	0
11.5	-1.4	0
11.5	-1.3	0
11.5	-1.2	0
11.5	-1.1	0
11.5	-1	0
11.5	-0.9	0
11.5	-0.8	0
11.5	-0.7	0
11.5	-0.6	0
11.5	-0.5	0
11.5	-0.4	0
11.5	-0.3	0
11.5	-0.2	0
11.5	-0.1	0
11.5	0	0
11.5	0.1	0
11.5	0.2	0
11.5	0.3	0
11.5	0.4	0
11.5	0.5	0
11.5	0.6	0
11.5	0.7	0
11.5	0.8	0
11.5	0.9	0
11.5	1	0
11.5	1.1	0
11.5	1.2	0
11.5	1.3	0
11.5	1.4	0
11.5	1.5	0
11.5	1.6	0
11.5	1.7	0
11.5	1.8	0
11.5	1.9	0
11.5	2	0
11.5	2.1	0
11.5	2.2	0
11.5	2.3	0
11.5	2.4	0
11.5	2.5	0
11.5	2.6	0
11.5	2.7	0
11.5	2.8	0
11.5	2.9	0
11.5	3	0
11.5	3.1	0
11.5	3.2	0
11.5	3.3	0
11.5	3.4	0
11.5	3.5	0
11.5	3.6	0
11.5	3.7	0
11.5	3.8	0
11.5	3.9	0
11.5	4	0

12	-4	1.64756e-312
12	-3.9	4.89919e-311
12	-3.8	1.35909e-309
12	-3.7	3.51734e-308
12	-3.6	8.49219e-307
12	-3.5	1.91278e-305
12	-3.4	4.01932e-304
12	-3.3	7.87917e-303
12	-3.2	1.44095e-301
12	-3.1	2.45843e-300
12	-3	3.91298e-299
12	-2.9	5.81029e-298
12	-2.8	8.04876e-297
12	-2.7	1.04016e-295
12	-2.6	1.25404e-294
12	-2.5	1.41048e-293
12	-2.4	1.47999e-292
12	-2.3	1.44875e-291
12	-2.2	1.32303e-290
12	-2.1	1.12716e-289
12	-2	8.95861e-289
12	-1.9	6.64259e-288
12	-1.8	4.59489e-287
12	-1.7	2.96519e-286
12	-1.6	1.78514e-285
12	-1.5	1.00261e-284
12	-1.4	5.2533e-284
12	-1.3	2.56787e-283
12	-1.2	1.17099e-282
12	-1.1	4.98169e-282
12	-1	1.97715e-281
12	-0.9	7.32054e-281
12	-0.8	2.52864e-280
12	-0.7	8.1484e-280
12	-0.6	2.44961e-279
12	-0.5	6.87011e-279
12	-0.4	1.79751e-278
12	-0.3	4.38751e-278
12	-0.2	9.99094e-278
12	-0.1	2.12244e-277
12	0	4.20634e-277
12	0.1	7.77705e-277
12	0.2	1.34142e-276
12	0.3	2.15853e-276
12	0.4	3.24033e-276
12	0.5	4.53797e-276
12	0.6	5.92892e-276
12	0.7	7.22653e-276
12	0.8	8.21721e-276
12	0.9	8.71686e-276
12	1	8.62653e-276
12	1.1	7.96439e-276
12	1.2	6.85978e-276
12	1.3	5.51199e-276
12	1.4	4.13187e-276
12	1.5	2.88952e-276
12	1.6	1.88515e-276
12	1.7	1.14738e-276
12	1.8	6.51491e-277
12	1.9	3.45104e-277
12	2	1.70543e-277
12	2.1	7.86243e-278
12	2.2	3.38159e-278
12	2.3	1.35683e-278
12	2.4	5.07891e-279
12	2.5	1.7736e-279
12	2.6	5.77808e-280
12	2.7	1.75611e-280
12	2.8	4.97919e-281
12	2.9	1.31707e-281
12	3	3.2501e-282
12	3.1	7.48215e-283
12	3.2	1.60693e-283
12	3.3	3.21965e-284
12	3.4	6.01812e-285
12	3.5	1.04943e-285
12	3.6	1.70721e-286
12	3.7	2.59096e-287
12	3.8	3.66839e-288
12	3.9	4.84541e-289
12	4	5.97071e-290

12.5	-4	1.71522e-267
12.5	-3.9	3.90928e-266
12.5	-3.8	8.35758e-265
12.5	-3.7	1.67598e-263
12.5	-3.6	3.15256e-262
12.5	-3.5	5.56239e-261
12.5	-3.4	9.20589e-260
12.5	-3.3	1.42914e-258
12.5	-3.2	2.08108e-257
12.5	-3.1	2.84255e-256
12.5	-3	3.64195e-255
12.5	-2.9	4.37687e-254
12.5	-2.8	4.93399e-253
12.5	-2.7	5.21721e-252
12.5	-2.6	5.17468e-251
12.5	-2.5	4.81431e-250
12.5	-2.4	4.20136e-249
12.5	-2.3	3.43914e-248
12.5	-2.2	2.64068e-247
12.5	-2.1	1.9019e-246
12.5	-2	1.28488e-245
12.5	-1.9	8.14226e-245
12.5	-1.8	4.83984e-244
12.5	-1.7	2.6985e-243
12.5	-1.6	1.4113e-242
12.5	-1.5	6.92343e-242
12.5	-1.4	3.18587e-241
12.5	-1.3	1.37512e-240
12.5	-1.2	5.56748e-240
12.5	-1.1	2.11437e-239
12.5	-1	7.53197e-239
12.5	-0.9	2.51676e-238
12.5	-0.8	7.88823e-238
12.5	-0.7	2.31912e-237
12.5	-0.6	6.39545e-237
12.5	-0.5	1.65434e-236
12.5	-0.4	4.01405e-236
12.5	-0.3	9.13581e-236
12.5	-0.2	1.95036e-235
12.5	-0.1	3.90562e-235
12.5	0	7.33617e-235
12.5	0.1	1.29257e-234
12.5	0.2	2.13621e-234
12.5	0.3	3.3116e-234
12.5	0.4	4.81546e-234
12.5	0.5	6.56814e-234
12.5	0.6	8.40336e-234
12.5	0.7	1.00848e-233
12.5	0.8	1.13524e-233
12.5	0.9	1.19871e-233
12.5	1	1.18726e-233
12.5	1.1	1.10301e-233
12.5	1.2	9.61218e-234
12.5	1.3	7.85721e-234
12.5	1.4	6.02448e-234
12.5	1.5	4.33287e-234
12.5	1.6	2.92306e-234
12.5	1.7	1.84971e-234
12.5	1.8	1.09794e-234
12.5	1.9	6.11299e-235
12.5	2	3.19254e-235
12.5	2.1	1.56395e-235
12.5	2.2	7.18648e-236
12.5	2.3	3.09752e-236
12.5	2.4	1.25232e-236
12.5	2.5	4.74925e-237
12.5	2.6	1.68942e-237
12.5	2.7	5.63711e-238
12.5	2.8	1.76433e-238
12.5	2.9	5.17975e-239
12.5	3	1.4264e-239
12.5	3.1	3.68453e-240
12.5	3.2	8.92741e-241
12.5	3.3	2.02897e-241
12.5	3.4	4.32543e-242
12.5	3.5	8.64946e-243
12.5	3.6	1.62238e-243
12.5	3.7	2.85446e-244
12.5	3.8	4.71084e-245
12.5	3.9	7.29254e-246
12.5	4	1.05892e-246

13	-4	7.03802e-229
13	-3.9	1.26705e-227
13	-3.8	2.14999e-226
13	-3.7	3.43862e-225
13	-3.6	5.18361e-224
13	-3.5	7.36518e-223
13	-3.4	9.86361e-222
13	-3.3	1.24506e-220
13	-3.2	1.48132e-219
13	-3.1	1.66114e-218
13	-3	1.75577e-217
13	-2.9	1.74917e-216
13	-2.8	1.64247e-215
13	-2.7	1.45367e-214
13	-2.6	1.21265e-213
13	-2.5	9.53468e-213
13	-2.4	7.0661e-212
13	-2.3	4.93578e-211
13	-2.2	3.24963e-210
13	-2.1	2.01657e-209
13	-2	1.1795e-208
13	-1.9	6.50251e-208
13	-1.8	3.37884e-207
13	-1.7	1.65484e-206
13	-1.6	7.63918e-206
13	-1.5	3.32383e-205
13	-1.4	1.36312e-204
13	-1.3	5.26904e-204
13	-1.2	1.91969e-203
13	-1.1	6.59222e-203
13	-1	2.13371e-202
13	-0.9	6.50939e-202
13	-0.8	1.87175e-201
13	-0.7	5.07291e-201
13	-0.6	1.29589e-200
13	-0.5	3.1202e-200
13	-0.4	7.08106e-200
13	-0.3	1.51466e-199
13	-0.2	3.05377e-199
13	-0.1	5.80308e-199
13	0	1.0394e-198
13	0.1	1.75473e-198
13	0.2	2.79215e-198
13	0.3	4.18763e-198
13	0.4	5.91972e-198
13	0.5	7.88744e-198
13	0.6	9.90542e-198
13	0.7	1.1725e-197
13	0.8	1.30814e-197
13	0.9	1.37561e-197
13	1	1.36346e-197
13	1.1	1.27376e-197
13	1.2	1.1216e-197
13	1.3	9.30873e-198
13	1.4	7.28189e-198
13	1.5	5.36908e-198
13	1.6	3.73128e-198
13	1.7	2.44409e-198
13	1.8	1.50897e-198
13	1.9	8.781e-199
13	2	4.81627e-199
13	2.1	2.48988e-199
13	2.2	1.21325e-199
13	2.3	5.57214e-200
13	2.4	2.41211e-200
13	2.5	9.84178e-201
13	2.6	3.78488e-201
13	2.7	1.37194e-201
13	2.8	4.68724e-202
13	2.9	1.50939e-202
13	3	4.58131e-203
13	3.1	1.31063e-203
13	3.2	3.53403e-204
13	3.3	8.98181e-205
13	3.4	2.15159e-205
13	3.5	4.858e-206
13	3.6	1.03385e-206
13	3.7	2.07377e-207
13	3.8	3.9207e-208
13	3.9	6.98667e-209
13	4	1.17349e-209

13.5	-4	1.08595e-195
13.5	-3.9	1.58448e-194
13.5	-3.8	2.18843e-193
13.5	-3.7	2.86121e-192
13.5	-3.6	3.5411e-191
13.5	-3.5	4.14854e-190
13.5	-3.4	4.60069e-189
13.5	-3.3	4.82972e-188
13.5	-3.2	4.79944e-187
13.5	-3.1	4.51471e-186
13.5	-3	4.02012e-185
13.5	-2.9	3.38859e-184
13.5	-2.8	2.70377e-183
13.5	-2.7	2.04216e-182
13.5	-2.6	1.4601e-181
13.5	-2.5	9.88197e-181
13.5	-2.4	6.33104e-180
13.5	-2.3	3.83953e-179
13.5	-2.2	2.2042e-178
13.5	-2.1	1.19783e-177
13.5	-2	6.1618e-177
13.5	-1.9	3.00048e-176
13.5	-1.8	1.38307e-175
13.5	-1.7	6.03491e-175
13.5	-1.6	2.49268e-174
13.5	-1.5	9.74611e-174
13.5	-1.4	3.60718e-173
13.5	-1.3	1.26379e-172
13.5	-1.2	4.19132e-172
13.5	-1.1	1.31582e-171
13.5	-1	3.91035e-171
13.5	-0.9	1.10003e-170
13.5	-0.8	2.92928e-170
13.5	-0.7	7.38398e-170
13.5	-0.6	1.76193e-169
13.5	-0.5	3.97978e-169
13.5	-0.4	8.5094e-169
13.5	-0.3	1.7223e-168
13.5	-0.2	3.29982e-168
13.5	-0.1	5.98469e-168
13.5	0	1.02746e-167
13.5	0.1	1.66976e-167
13.5	0.2	2.56872e-167
13.5	0.3	3.74068e-167
13.5	0.4	5.15648e-167
13.5	0.5	6.72863e-167
13.5	0.6	8.31133e-167
13.5	0.7	9.71818e-167
13.5	0.8	1.07565e-166
13.5	0.9	1.127e-166
13.5	1	1.11777e-166
13.5	1.1	1.04941e-166
13.5	1.2	9.32638e-167
13.5	1.3	7.84603e-167
13.5	1.4	6.24823e-167
13.5	1.5	4.71015e-167
13.5	1.6	3.36111e-167
13.5	1.7	2.27039e-167
13.5	1.8	1.45174e-167
13.5	1.9	8.78716e-168
13.5	2	5.03475e-168
13.5	2.1	2.73073e-168
13.5	2.2	1.402e-168
13.5	2.3	6.8138e-169
13.5	2.4	3.13473e-169
13.5	2.5	1.36515e-169
13.5	2.6	5.62774e-170
13.5	2.7	2.19612e-170
13.5	2.8	8.11239e-171
13.5	2.9	2.83669e-171
13.5	3	9.38957e-172
13.5	3.1	2.94205e-172
13.5	3.2	8.72617e-173
13.5	3.3	2.45001e-173
13.5	3.4	6.51154e-174
13.5	3.5	1.63821e-174
13.5	3.6	3.90144e-175
13.5	3.7	8.79532e-176
13.5	3.8	1.87693e-176
13.5	3.9	3.79154e-177
13.5	4	7.25025e-178

14	-4	4.01572e-167
14	-3.9	4.85485e-166
14	-3.8	5.57738e-165
14	-3.7	6.08873e-164
14	-3.6	6.31634e-163
14	-3.5	6.22654e-162
14	-3.4	5.8327e-161
14	-3.3	5.19201e-160
14	-3.2	4.3918e-159
14	-3.1	3.53014e-158
14	-3	2.6964e-157
14	-2.9	1.95712e-156
14	-2.8	1.34987e-155
14	-2.7	8.84731e-155
14	-2.6	5.51025e-154
14	-2.5	3.26117e-153
14	-2.4	1.83408e-152
14	-2.3	9.80176e-152
14	-2.2	4.97774e-151
14	-2.1	2.40217e-150
14	-2	1.10158e-149
14	-1.9	4.80033e-149
14	-1.8	1.98778e-148
14	-1.7	7.8218e-148
14	-1.6	2.92475e-147
14	-1.5	1.03923e-146
14	-1.4	3.50895e-146
14	-1.3	1.12586e-145
14	-1.2	3.43269e-145
14	-1.1	9.94549e-145
14	-1	2.73817e-144
14	-0.9	7.16368e-144
14	-0.8	1.78096e-143
14	-0.7	4.20741e-143
14	-0.6	9.44533e-143
14	-0.5	2.01494e-142
14	-0.4	4.08459e-142
14	-0.3	7.86823e-142
14	-0.2	1.44028e-141
14	-0.1	2.50531e-141
14	0	4.1411e-141
14	0.1	6.50449e-141
14	0.2	9.70851e-141
14	0.3	1.377e-140
14	0.4	1.85591e-140
14	0.5	2.37697e-140
14	0.6	2.89289e-140
14	0.7	3.34566e-140
14	0.8	3.67683e-140
14	0.9	3.83979e-140
14	1	3.81052e-140
14	1.1	3.59337e-140
14	1.2	3.22005e-140
14	1.3	2.74199e-140
14	1.4	2.21876e-140
14	1.5	1.70607e-140
14	1.6	1.2466e-140
14	1.7	8.65561e-141
14	1.8	5.71098e-141
14	1.9	3.58069e-141
14	2	2.13336e-141
14	2.1	1.20782e-141
14	2.2	6.49808e-142
14	2.3	3.32207e-142
14	2.4	1.61389e-142
14	2.5	7.45046e-143
14	2.6	3.26838e-143
14	2.7	1.36247e-143
14	2.8	5.39709e-144
14	2.9	2.03159e-144
14	3	7.267e-145
14	3.1	2.47011e-145
14	3.2	7.97846e-146
14	3.3	2.44886e-146
14	3.4	7.14251e-147
14	3.5	1.97961e-147
14	3.6	5.21377e-148
14	3.7	1.30486e-148
14	3.8	3.10328e-149
14	3.9	7.01324e-150
14	4	1.50612e-150

14.5	-4	1.64598e-142
14.5	-3.9	1.68064e-141
14.5	-3.8	1.63632e-140
14.5	-3.7	1.51917e-139
14.5	-3.6	1.3449e-138
14.5	-3.5	1.13531e-137
14.5	-3.4	9.13871e-137
14.5	-3.3	7.01454e-136
14.5	-3.2	5.13401e-135
14.5	-3.1	3.5831e-134
14.5	-3	2.38454e-133
14.5	-2.9	1.51319e-132
14.5	-2.8	9.15644e-132
14.5	-2.7	5.28328e-131
14.5	-2.6	2.90687e-130
14.5	-2.5	1.52507e-129
14.5	-2.4	7.62955e-129
14.5	-2.3	3.63959e-128
14.5	-2.2	1.65557e-127
14.5	-2.1	7.18107e-127
14.5	-2	2.97012e-126
14.5	-1.9	1.17139e-125
14.5	-1.8	4.40529e-125
14.5	-1.7	1.57976e-124
14.5	-1.6	5.40196e-124
14.5	-1.5	1.76139e-123
14.5	-1.4	5.4765e-123
14.5	-1.3	1.62366e-122
14.5	-1.2	4.59019e-122
14.5	-1.1	1.2374e-121
14.5	-1	3.18078e-121
14.5	-0.9	7.79653e-121
14.5	-0.8	1.82227e-120
14.5	-0.7	4.06133e-120
14.5	-0.6	8.63112e-120
14.5	-0.5	1.74908e-119
14.5	-0.4	3.37985e-119
14.5	-0.3	6.22771e-119
14.5	-0.2	1.09422e-118
14.5	-0.1	1.83325e-118
14.5	0	2.92876e-118
14.5	0.1	4.4616e-118
14.5	0.2	6.48099e-118
14.5	0.3	8.97709e-118
14.5	0.4	1.1857e-117
14.5	0.5	1.49333e-117
14.5	0.6	1.79342e-117
14.5	0.7	2.05377e-117
14.5	0.8	2.24267e-117
14.5	0.9	2.33519e-117
14.5	1	2.31859e-117
14.5	1.1	2.19518e-117
14.5	1.2	1.9818e-117
14.5	1.3	1.70605e-117
14.5	1.4	1.40046e-117
14.5	1.5	1.0962e-117
14.5	1.6	8.18193e-118
14.5	1.7	5.82324e-118
14.5	1.8	3.95201e-118
14.5	1.9	2.55749e-118
14.5	2	1.57817e-118
14.5	2.1	9.28623e-119
14.5	2.2	5.21036e-119
14.5	2.3	2.78766e-119
14.5	2.4	1.42219e-119
14.5	2.5	6.91857e-120
14.5	2.6	3.20937e-120
14.5	2.7	1.41961e-120
14.5	2.8	5.9877e-121
14.5	2.9	2.40822e-121
14.5	3	9.23582e-122
14.5	3.1	3.37753e-122
14.5	3.2	1.17779e-122
14.5	3.3	3.91632e-123
14.5	3.4	1.24175e-123
14.5	3.5	3.75433e-124
14.5	3.6	1.08237e-124
14.5	3.7	2.97551e-125
14.5	3.8	7.79997e-126
14.5	3.9	1.9497e-126
14.5	4	4.64714e-127

15	-4	2.67511e-121
15	-3.9	2.34554e-120
15	-3.8	1.96717e-119
15	-3.7	1.57812e-118
15	-3.6	1.21098e-117
15	-3.5	8.88852e-117
15	-3.4	6.24053e-116
15	-3.3	4.19094e-115
15	-3.2	2.69215e-114
15	-3.1	1.65419e-113
15	-3	9.72228e-113
15	-2.9	5.46575e-112
15	-2.8	2.9392e-111
15	-2.7	1.51185e-110
15	-2.6	7.43847e-110
15	-2.5	3.50072e-109
15	-2.4	1.5759e-108
15	-2.3	6.78577e-108
15	-2.2	2.79491e-107
15	-2.1	1.10112e-106
15	-2	4.14951e-106
15	-1.9	1.49575e-105
15	-1.8	5.15726e-105
15	-1.7	1.70089e-104
15	-1.6	5.36579e-104
15	-1.5	1.61915e-103
15	-1.4	4.67347e-103
15	-1.3	1.2903e-102
15	-1.2	3.40752e-102
15	-1.1	8.60765e-102
15	-1	2.07983e-101
15	-0.9	4.80697e-101
15	-0.8	1.0627e-100
15	-0.7	2.24724e-100
15	-0.6	4.54554e-100
15	-0.5	8.79468e-100
15	-0.4	1.62762e-99
15	-0.3	2.88126e-99
15	-0.2	4.87878e-99
15	-0.1	7.90202e-99
15	0	1.22423e-98
15	0.1	1.8142e-98
15	0.2	2.57161e-98
15	0.3	3.48678e-98
15	0.4	4.5221e-98
15	0.5	5.6099e-98
15	0.6	6.65683e-98
15	0.7	7.55576e-98
15	0.8	8.20327e-98
15	0.9	8.5191e-98
15	1	8.46249e-98
15	1.1	8.04083e-98
15	1.2	7.30806e-98
15	1.3	6.35332e-98
15	1.4	5.2832e-98
15	1.5	4.20235e-98
15	1.6	3.19731e-98
15	1.7	2.32689e-98
15	1.8	1.61981e-98
15	1.9	1.07858e-98
15	2	6.86968e-99
15	2.1	4.18523e-99
15	2.2	2.43894e-99
15	2.3	1.3595e-99
15	2.4	7.24864e-100
15	2.5	3.69685e-100
15	2.6	1.80345e-100
15	2.7	8.41542e-101
15	2.8	3.75617e-101
15	2.9	1.60366e-101
15	3	6.54903e-102
15	3.1	2.55824e-102
15	3.2	9.55876e-103
15	3.3	3.41634e-103
15	3.4	1.16793e-103
15	3.5	3.81921e-104
15	3.6	1.19461e-104
15	3.7	3.57419e-105
15	3.8	1.02289e-105
15	3.9	2.80011e-106
15	4	7.33196e-107

15.5	-4	5.01166e-103
15.5	-3.9	3.82853e-102
15.5	-3.8	2.80547e-101
15.5	-3.7	1.97198e-100
15.5	-3.6	1.3296e-99
15.5	-3.5	8.59935e-99
15.5	-3.4	5.33497e-98
15.5	-3.3	3.17484e-97
15.5	-3.2	1.81232e-96
15.5	-3.1	9.92364e-96
15.5	-3	5.21231e-95
15.5	-2.9	2.62611e-94
15.5	-2.8	1.26917e-93
15.5	-2.7	5.88367e-93
15.5	-2.6	2.61638e-92
15.5	-2.5	1.11603e-91
15.5	-2.4	4.56641e-91
15.5	-2.3	1.79224e-90
15.5	-2.2	6.74749e-90
15.5	-2.1	2.43675e-89
15.5	-2	8.44116e-89
15.5	-1.9	2.8049e-88
15.5	-1.8	8.94036e-88
15.5	-1.7	2.73348e-87
15.5	-1.6	8.0168e-87
15.5	-1.5	2.25532e-86
15.5	-1.4	6.08611e-86
15.5	-1.3	1.57541e-85
15.5	-1.2	3.91176e-85
15.5	-1.1	9.31692e-85
15.5	-1	2.12861e-84
15.5	-0.9	4.66491e-84
15.5	-0.8	9.8065e-84
15.5	-0.7	1.97746e-83
15.5	-0.6	3.82494e-83
15.5	-0.5	7.09683e-83
15.5	-0.4	1.26307e-82
15.5	-0.3	2.15633e-82
15.5	-0.2	3.53122e-82
15.5	-0.1	5.54699e-82
15.5	0	8.35821e-82
15.5	0.1	1.20807e-81
15.5	0.2	1.67493e-81
15.5	0.3	2.22752e-81
15.5	0.4	2.84165e-81
15.5	0.5	3.47731e-81
15.5	0.6	4.08168e-81
15.5	0.7	4.59576e-81
15.5	0.8	4.96363e-81
15.5	0.9	5.14239e-81
15.5	1	5.11038e-81
15.5	1.1	4.87152e-81
15.5	1.2	4.45451e-81
15.5	1.3	3.90713e-81
15.5	1.4	3.2873e-81
15.5	1.5	2.65304e-81
15.5	1.6	2.05386e-81
15.5	1.7	1.52519e-81
15.5	1.8	1.08642e-81
15.5	1.9	7.42326e-82
15.5	2	4.86536e-82
15.5	2.1	3.05886e-82
15.5	2.2	1.8447e-82
15.5	2.3	1.06713e-82
15.5	2.4	5.92149e-83
15.5	2.5	3.15186e-83
15.5	2.6	1.60927e-83
15.5	2.7	7.88154e-84
15.5	2.8	3.70269e-84
15.5	2.9	1.66858e-84
15.5	3	7.21274e-85
15.5	3.1	2.99073e-85
15.5	3.2	1.18953e-85
15.5	3.3	4.53836e-86
15.5	3.4	1.6609e-86
15.5	3.5	5.83061e-87
15.5	3.6	1.96339e-87
15.5	3.7	6.34194e-88
15.5	3.8	1.96499e-88
15.5	3.9	5.84013e-89
15.5	4	1.66498e-89

16	-4	2.65804e-87
16	-3.9	1.79178e-86
16	-3.8	1.16156e-85
16	-3.7	7.24159e-85
16	-3.6	4.34173e-84
16	-3.5	2.50338e-83
16	-3.4	1.38811e-82
16	-3.3	7.40217e-82
16	-3.2	3.79602e-81
16	-3.1	1.87212e-80
16	-3	8.87921e-80
16	-2.9	4.04995e-79
16	-2.8	1.77648e-78
16	-2.7	7.4939e-78
16	-2.6	3.04011e-77
16	-2.5	1.18606e-76
16	-2.4	4.45e-76
16	-2.3	1.60564e-75
16	-2.2	5.57149e-75
16	-2.1	1.85922e-74
16	-2	5.96656e-74
16	-1.9	1.84142e-73
16	-1.8	5.46536e-73
16	-1.7	1.55998e-72
16	-1.6	4.28208e-72
16	-1.5	1.13038e-71
16	-1.4	2.86967e-71
16	-1.3	7.00606e-71
16	-1.2	1.64494e-70
16	-1.1	3.71418e-70
16	-1	8.06513e-70
16	-0.9	1.6842e-69
16	-0.8	3.38231e-69
16	-0.7	6.53231e-69
16	-0.6	1.21327e-68
16	-0.5	2.16711e-68
16	-0.4	3.72256e-68
16	-0.3	6.14945e-68
16	-0.2	9.76939e-68
16	-0.1	1.49257e-67
16	0	2.19298e-67
16	0.1	3.09865e-67
16	0.2	4.21061e-67
16	0.3	5.5024e-67
16	0.4	6.91505e-67
16	0.5	8.35745e-67
16	0.6	9.71377e-67
16	0.7	1.08577e-66
16	0.8	1.16714e-66
16	0.9	1.20654e-66
16	1	1.19949e-66
16	1.1	1.1468e-66
16	1.2	1.05442e-66
16	1.3	9.32341e-67
16	1.4	7.92814e-67
16	1.5	6.48341e-67
16	1.6	5.09884e-67
16	1.7	3.85633e-67
16	1.8	2.80487e-67
16	1.9	1.96194e-67
16	2	1.31976e-67
16	2.1	8.53767e-68
16	2.2	5.31153e-68
16	2.3	3.17786e-68
16	2.4	1.82846e-68
16	2.5	1.01174e-68
16	2.6	5.38384e-69
16	2.7	2.75517e-69
16	2.8	1.35594e-69
16	2.9	6.41753e-70
16	3	2.92099e-70
16	3.1	1.27858e-70
16	3.2	5.38223e-71
16	3.3	2.17887e-71
16	3.4	8.48273e-72
16	3.5	3.17596e-72
16	3.6	1.14354e-72
16	3.7	3.95968e-73
16	3.8	1.31858e-73
16	3.9	4.22267e-74
16	4	1.30048e-74

16.5	-4	8.53776e-74
16.5	-3.9	5.13572e-73
16.5	-3.8	2.97788e-72
16.5	-3.7	1.66441e-71
16.5	-3.6	8.96729e-71
16.5	-3.5	4.65705e-70
16.5	-3.4	2.33135e-69
16.5	-3.3	1.125e-68
16.5	-3.2	5.23295e-68
16.5	-3.1	2.34632e-67
16.5	-3	1.01409e-66
16.5	-2.9	4.22487e-66
16.5	-2.8	1.69667e-65
16.5	-2.7	6.56798e-65
16.5	-2.6	2.45083e-64
16.5	-2.5	8.81538e-64
16.5	-2.4	3.05646e-63
16.5	-2.3	1.02151e-62
16.5	-2.2	3.29091e-62
16.5	-2.1	1.02197e-61
16.5	-2	3.05918e-61
16.5	-1.9	8.82717e-61
16.5	-1.8	2.45519e-60
16.5	-1.7	6.58261e-60
16.5	-1.6	1.70121e-59
16.5	-1.5	4.23806e-59
16.5	-1.4	1.01771e-58
16.5	-1.3	2.35574e-58
16.5	-1.2	5.2563e-58
16.5	-1.1	1.13052e-57
16.5	-1	2.34384e-57
16.5	-0.9	4.68408e-57
16.5	-0.8	9.02336e-57
16.5	-0.7	1.67556e-56
16.5	-0.6	2.99916e-56
16.5	-0.5	5.17474e-56
16.5	-0.4	8.60645e-56
16.5	-0.3	1.37977e-55
16.5	-0.2	2.13226e-55
16.5	-0.1	3.17628e-55
16.5	0	4.56086e-55
16.5	0.1	6.31281e-55
16.5	0.2	8.4226e-55
16.5	0.3	1.08322e-54
16.5	0.4	1.34288e-54
16.5	0.5	1.60474e-54
16.5	0.6	1.8485e-54
16.5	0.7	2.0525e-54
16.5	0.8	2.19682e-54
16.5	0.9	2.26649e-54
16.5	1	2.25404e-54
16.5	1.1	2.16081e-54
16.5	1.2	1.99673e-54
16.5	1.3	1.77857e-54
16.5	1.4	1.52711e-54
16.5	1.5	1.26391e-54
16.5	1.6	1.00835e-54
16.5	1.7	7.7545e-55
16.5	1.8	5.74837e-55
16.5	1.9	4.10756e-55
16.5	2	2.82924e-55
16.5	2.1	1.87847e-55
16.5	2.2	1.20223e-55
16.5	2.3	7.41683e-56
16.5	2.4	4.41059e-56
16.5	2.5	2.52827e-56
16.5	2.6	1.397e-56
16.5	2.7	7.44081e-57
16.5	2.8	3.82024e-57
16.5	2.9	1.89064e-57
16.5	3	9.01935e-58
16.5	3.1	4.14753e-58
16.5	3.2	1.83845e-58
16.5	3.3	7.85528e-59
16.5	3.4	3.23534e-59
16.5	3.5	1.28447e-59
16.5	3.6	4.91563e-60
16.5	3.7	1.81335e-60
16.5	3.8	6.44809e-61
16.5	3.9	2.21019e-61
16.5	4	7.30256e-62

17	-4	3.17108e-62
17	-3.9	1.7191e-61
17	-3.8	9.00256e-61
17	-3.7	4.55412e-60
17	-3.6	2.22543e-59
17	-3.5	1.0505e-58
17	-3.4	4.79019e-58
17	-3.3	2.10999e-57
17	-3.2	8.97804e-57
17	-3.1	3.69024e-56
17	-3	1.46521e-55
17	-2.9	5.61976e-55
17	-2.8	2.08213e-54
17	-2.7	7.45198e-54
17	-2.6	2.57636e-53
17	-2.5	8.60429e-53
17	-2.4	2.77585e-52
17	-2.3	8.65065e-52
17	-2.2	2.6042e-51
17	-2.1	7.57308e-51
17	-2	2.12737e-50
17	-1.9	5.77279e-50
17	-1.8	1.51322e-49
17	-1.7	3.83169e-49
17	-1.6	9.37239e-49
17	-1.5	2.21454e-48
17	-1.4	5.05463e-48
17	-1.3	1.11447e-47
17	-1.2	2.37366e-47
17	-1.1	4.88361e-47
17	-1	9.70593e-47
17	-0.9	1.8634e-46
17	-0.8	3.45578e-46
17	-0.7	6.19098e-46
17	-0.6	1.07138e-45
17	-0.5	1.79103e-45
17	-0.4	2.89224e-45
17	-0.3	4.51167e-45
17	-0.2	6.7985e-45
17	-0.1	9.89603e-45
17	0	1.3915e-44
17	0.1	1.89006e-44
17	0.2	2.47994e-44
17	0.3	3.14325e-44
17	0.4	3.84849e-44
17	0.5	4.5517e-44
17	0.6	5.20031e-44
17	0.7	5.73928e-44
17	0.8	6.11869e-44
17	0.9	6.30132e-44
17	1	6.2687e-44
17	1.1	6.02415e-44
17	1.2	5.59226e-44
17	1.3	5.01476e-44
17	1.4	4.34397e-44
17	1.5	3.63492e-44
17	1.6	2.93816e-44
17	1.7	2.29419e-44
17	1.8	1.73043e-44
17	1.9	1.26082e-44
17	2	8.8741e-45
17	2.1	6.03348e-45
17	2.2	3.96263e-45
17	2.3	2.51404e-45
17	2.4	1.54075e-45
17	2.5	9.12152e-46
17	2.6	5.21643e-46
17	2.7	2.88172e-46
17	2.8	1.53781e-46
17	2.9	7.92732e-47
17	3	3.9475e-47
17	3.1	1.89885e-47
17	3.2	8.82332e-48
17	3.3	3.96046e-48
17	3.4	1.71724e-48
17	3.5	7.19267e-49
17	3.6	2.91019e-49
17	3.7	1.13743e-49
17	3.8	4.29439e-50
17	3.9	1.56621e-50
17	4	5.51786e-51

17.5	-4	2.36661e-52
17.5	-3.9	1.16646e-51
17.5	-3.8	5.56461e-51
17.5	-3.7	2.56931e-50
17.5	-3.6	1.1482e-49
17.5	-3.5	4.96635e-49
17.5	-3.4	2.0791e-48
17.5	-3.3	8.4243e-48
17.5	-3.2	3.30377e-47
17.5	-3.1	1.25402e-46
17.5	-3	4.60703e-46
17.5	-2.9	1.63815e-45
17.5	-2.8	5.63776e-45
17.5	-2.7	1.87792e-44
17.5	-2.6	6.05437e-44
17.5	-2.5	1.8892e-43
17.5	-2.4	5.70567e-43
17.5	-2.3	1.66784e-42
17.5	-2.2	4.71867e-42
17.5	-2.1	1.29213e-41
17.5	-2	3.4246e-41
17.5	-1.9	8.78481e-41
17.5	-1.8	2.18109e-40
17.5	-1.7	5.24126e-40
17.5	-1.6	1.21903e-39
17.5	-1.5	2.74419e-39
17.5	-1.4	5.97905e-39
17.5	-1.3	1.26087e-38
17.5	-1.2	2.57351e-38
17.5	-1.1	5.08393e-38
17.5	-1	9.72061e-38
17.5	-0.9	1.7989e-37
17.5	-0.8	3.22209e-37
17.5	-0.7	5.58584e-37
17.5	-0.6	9.37256e-37
17.5	-0.5	1.52211e-36
17.5	-0.4	2.39251e-36
17.5	-0.3	3.63982e-36
17.5	-0.2	5.35952e-36
17.5	-0.1	7.63819e-36
17.5	0	1.05359e-35
17.5	0.1	1.40662e-35
17.5	0.2	1.81759e-35
17.5	0.3	2.2732e-35
17.5	0.4	2.75167e-35
17.5	0.5	3.22385e-35
17.5	0.6	3.65571e-35
17.5	0.7	4.01224e-35
17.5	0.8	4.26209e-35
17.5	0.9	4.38204e-35
17.5	1	4.36063e-35
17.5	1.1	4.19992e-35
17.5	1.2	3.91518e-35
17.5	1.3	3.53249e-35
17.5	1.4	3.08482e-35
17.5	1.5	2.60734e-35
17.5	1.6	2.13297e-35
17.5	1.7	1.68884e-35
17.5	1.8	1.29424e-35
17.5	1.9	9.5997e-36
17.5	2	6.8916e-36
17.5	2.1	4.78852e-36
17.5	2.2	3.22034e-36
17.5	2.3	2.09614e-36
17.5	2.4	1.32056e-36
17.5	2.5	8.05223e-37
17.5	2.6	4.75217e-37
17.5	2.7	2.71449e-37
17.5	2.8	1.50073e-37
17.5	2.9	8.03035e-38
17.5	3	4.15898e-38
17.5	3.1	2.08477e-38
17.5	3.2	1.01146e-38
17.5	3.3	4.74959e-39
17.5	3.4	2.15866e-39
17.5	3.5	9.49578e-40
17.5	3.6	4.04293e-40
17.5	3.7	1.66602e-40
17.5	3.8	6.64484e-41
17.5	3.9	2.56512e-41
17.5	4	9.58404e-42

18	-4	5.7017e-44
18	-3.9	2.57512e-43
18	-3.8	1.12768e-42
18	-3.7	4.78817e-42
18	-3.6	1.97129e-41
18	-3.5	7.86912e-41
18	-3.4	3.04578e-40
18	-3.3	1.14305e-39
18	-3.2	4.15939e-39
18	-3.1	1.46754e-38
18	-3	5.02048e-38
18	-2.9	1.66531e-37
18	-2.8	5.35603e-37
18	-2.7	1.67027e-36
18	-2.6	5.05039e-36
18	-2.5	1.48067e-35
18	-2.4	4.20911e-35
18	-2.3	1.16016e-34
18	-2.2	3.10055e-34
18	-2.1	8.03446e-34
18	-2	2.01869e-33
18	-1.9	4.91791e-33
18	-1.8	1.16168e-32
18	-1.7	2.66065e-32
18	-1.6	5.9086e-32
18	-1.5	1.27227e-31
18	-1.4	2.65624e-31
18	-1.3	5.37715e-31
18	-1.2	1.05544e-30
18	-1.1	2.00867e-30
18	-1	3.70665e-30
18	-0.9	6.63208e-30
18	-0.8	1.15057e-29
18	-0.7	1.93541e-29
18	-0.6	3.15667e-29
18	-0.5	4.99207e-29
18	-0.4	7.65471e-29
18	-0.3	1.13808e-28
18	-0.2	1.64063e-28
18	-0.1	2.29322e-28
18	0	3.10797e-28
18	0.1	4.08417e-28
18	0.2	5.20387e-28
18	0.3	6.42902e-28
18	0.4	7.70121e-28
18	0.5	8.94477e-28
18	0.6	1.00734e-27
18	0.7	1.09996e-27
18	0.8	1.16459e-27
18	0.9	1.19555e-27
18	1	1.19003e-27
18	1.1	1.14853e-27
18	1.2	1.07479e-27
18	1.3	9.75216e-28
18	1.4	8.57973e-28
18	1.5	7.31884e-28
18	1.6	6.0535e-28
18	1.7	4.85475e-28
18	1.8	3.77505e-28
18	1.9	2.84626e-28
18	2	2.08077e-28
18	2.1	1.47491e-28
18	2.2	1.01369e-28
18	2.3	6.75525e-29
18	2.4	4.36489e-29
18	2.5	2.73464e-29
18	2.6	1.6612e-29
18	2.7	9.78457e-30
18	2.8	5.588e-30
18	2.9	3.09433e-30
18	3	1.6614e-30
18	3.1	8.64919e-31
18	3.2	4.3659e-31
18	3.3	2.13682e-31
18	3.4	1.01405e-31
18	3.5	4.66598e-32
18	3.6	2.08173e-32
18	3.7	9.00537e-33
18	3.8	3.77724e-33
18	3.9	1.53619e-33
18	4	6.05771e-34

18.5	-4	6.67136e-37
18.5	-3.9	2.7803e-36
18.5	-3.8	1.12533e-35
18.5	-3.7	4.42361e-35
18.5	-3.6	1.68883e-34
18.5	-3.5	6.26188e-34
18.5	-3.4	2.25494e-33
18.5	-3.3	7.88633e-33
18.5	-3.2	2.67871e-32
18.5	-3.1	8.83666e-32
18.5	-3	2.83113e-31
18.5	-2.9	8.80934e-31
18.5	-2.8	2.66218e-30
18.5	-2.7	7.81342e-30
18.5	-2.6	2.22718e-29
18.5	-2.5	6.16568e-29
18.5	-2.4	1.65774e-28
18.5	-2.3	4.32876e-28
18.5	-2.2	1.09779e-27
18.5	-2.1	2.70389e-27
18.5	-2	6.46795e-27
18.5	-1.9	1.50264e-26
18.5	-1.8	3.39044e-26
18.5	-1.7	7.4296e-26
18.5	-1.6	1.5812e-25
18.5	-1.5	3.26827e-25
18.5	-1.4	6.56085e-25
18.5	-1.3	1.27912e-24
18.5	-1.2	2.42201e-24
18.5	-1.1	4.45399e-24
18.5	-1	7.95489e-24
18.5	-0.9	1.37984e-23
18.5	-0.8	2.32453e-23
18.5	-0.7	3.80322e-23
18.5	-0.6	6.04335e-23
18.5	-0.5	9.32643e-23
18.5	-0.4	1.39786e-22
18.5	-0.3	2.0348e-22
18.5	-0.2	2.87668e-22
18.5	-0.1	3.94977e-22
18.5	0	5.26698e-22
18.5	0.1	6.82124e-22
18.5	0.2	8.57976e-22
18.5	0.3	1.04809e-21
18.5	0.4	1.24346e-21
18.5	0.5	1.43276e-21
18.5	0.6	1.60335e-21
18.5	0.7	1.74258e-21
18.5	0.8	1.83937e-21
18.5	0.9	1.88562e-21
18.5	1	1.87737e-21
18.5	1.1	1.81534e-21
18.5	1.2	1.70481e-21
18.5	1.3	1.55491e-21
18.5	1.4	1.37735e-21
18.5	1.5	1.18493e-21
18.5	1.6	9.9004e-22
18.5	1.7	8.03385e-22
18.5	1.8	6.33148e-22
18.5	1.9	4.84615e-22
18.5	2	3.60247e-22
18.5	2.1	2.60084e-22
18.5	2.2	1.82363e-22
18.5	2.3	1.24186e-22
18.5	2.4	8.21328e-23
18.5	2.5	5.27561e-23
18.5	2.6	3.29108e-23
18.5	2.7	1.99396e-23
18.5	2.8	1.17328e-23
18.5	2.9	6.70504e-24
18.5	3	3.72143e-24
18.5	3.1	2.00599e-24
18.5	3.2	1.05017e-24
18.5	3.3	5.33949e-25
18.5	3.4	2.63664e-25
18.5	3.5	1.26448e-25
18.5	3.6	5.88959e-26
18.5	3.7	2.66421e-26
18.5	3.8	1.17047e-26
18.5	3.9	4.9942e-27
18.5	4	2.06957e-27

19	-4	5.39684e-31
19	-3.9	2.08843e-30
19	-3.8	7.86088e-30
19	-3.7	2.87801e-29
19	-3.6	1.0249e-28
19	-3.5	3.55011e-28
19	-3.4	1.19611e-27
19	-3.3	3.91986e-27
19	-3.2	1.24951e-26
19	-3.1	3.87416e-26
19	-3	1.16838e-25
19	-2.9	3.42739e-25
19	-2.8	9.77937e-25
19	-2.7	2.71411e-24
19	-2.6	7.32681e-24
19	-2.5	1.92385e-23
19	-2.4	4.91358e-23
19	-2.3	1.22066e-22
19	-2.2	2.94958e-22
19	-2.1	6.93258e-22
19	-2	1.58489e-21
19	-1.9	3.52431e-21
19	-1.8	7.62288e-21
19	-1.7	1.60374e-20
19	-1.6	3.28183e-20
19	-1.5	6.53236e-20
19	-1.4	1.26472e-19
19	-1.3	2.38169e-19
19	-1.2	4.36263e-19
19	-1.1	7.77285e-19
19	-1	1.34705e-18
19	-0.9	2.27067e-18
19	-0.8	3.72302e-18
19	-0.7	5.93753e-18
19	-0.6	9.21057e-18
19	-0.5	1.38975e-17
19	-0.4	2.03965e-17
19	-0.3	2.9117e-17
19	-0.2	4.04302e-17
19	-0.1	5.46052e-17
19	0	7.17353e-17
19	0.1	9.16645e-17
19	0.2	1.1393e-16
19	0.3	1.37736e-16
19	0.4	1.61966e-16
19	0.5	1.85256e-16
19	0.6	2.06105e-16
19	0.7	2.23036e-16
19	0.8	2.34764e-16
19	0.9	2.40357e-16
19	1	2.3936e-16
19	1.1	2.31855e-16
19	1.2	2.1845e-16
19	1.3	2.00196e-16
19	1.4	1.78456e-16
19	1.5	1.5473e-16
19	1.6	1.30493e-16
19	1.7	1.07046e-16
19	1.8	8.5413e-17
19	1.9	6.62898e-17
19	2	5.00425e-17
19	2.1	3.67452e-17
19	2.2	2.62441e-17
19	2.3	1.8232e-17
19	2.4	1.23198e-17
19	2.5	8.0974e-18
19	2.6	5.17673e-18
19	2.7	3.21911e-18
19	2.8	1.94709e-18
19	2.9	1.14553e-18
19	3	6.55532e-19
19	3.1	3.64882e-19
19	3.2	1.97552e-19
19	3.3	1.04035e-19
19	3.4	5.32902e-20
19	3.5	2.65512e-20
19	3.6	1.28674e-20
19	3.7	6.06553e-21
19	3.8	2.78109e-21
19	3.9	1.24031e-21
19	4	5.38044e-22

19.5	-4	4.10093e-26
19.5	-3.9	1.48188e-25
19.5	-3.8	5.2158e-25
19.5	-3.7	1.78817e-24
19.5	-3.6	5.97138e-24
19.5	-3.5	1.94231e-23
19.5	-3.4	6.15379e-23
19.5	-3.3	1.89909e-22
19.5	-3.2	5.70855e-22
19.5	-3.1	1.67142e-21
19.5	-3	4.76677e-21
19.5	-2.9	1.32416e-20
19.5	-2.8	3.58292e-20
19.5	-2.7	9.44303e-20
19.5	-2.6	2.42418e-19
19.5	-2.5	6.06173e-19
19.5	-2.4	1.47641e-18
19.5	-2.3	3.50265e-18
19.5	-2.2	8.09402e-18
19.5	-2.1	1.82184e-17
19.5	-2	3.99426e-17
19.5	-1.9	8.52984e-17
19.5	-1.8	1.77429e-16
19.5	-1.7	3.59489e-16
19.5	-1.6	7.09456e-16
19.5	-1.5	1.36378e-15
19.5	-1.4	2.55354e-15
19.5	-1.3	4.65713e-15
19.5	-1.2	8.2732e-15
19.5	-1.1	1.43155e-14
19.5	-1	2.41279e-14
19.5	-0.9	3.96106e-14
19.5	-0.8	6.33405e-14
19.5	-0.7	9.86575e-14
19.5	-0.6	1.49678e-13
19.5	-0.5	2.21189e-13
19.5	-0.4	3.18382e-13
19.5	-0.3	4.46388e-13
19.5	-0.2	6.09613e-13
19.5	-0.1	8.10915e-13
19.5	0	1.05069e-12
19.5	0.1	1.32603e-12
19.5	0.2	1.63009e-12
19.5	0.3	1.95185e-12
19.5	0.4	2.27646e-12
19.5	0.5	2.58615e-12
19.5	0.6	2.86171e-12
19.5	0.7	3.08444e-12
19.5	0.8	3.23822e-12
19.5	0.9	3.31142e-12
19.5	1	3.29838e-12
19.5	1.1	3.20012e-12
19.5	1.2	3.0242e-12
19.5	1.3	2.78377e-12
19.5	1.4	2.49595e-12
19.5	1.5	2.1798e-12
19.5	1.6	1.85428e-12
19.5	1.7	1.53643e-12
19.5	1.8	1.24002e-12
19.5	1.9	9.7482e-13
19.5	2	7.46446e-13
19.5	2.1	5.56738e-13
19.5	2.2	4.04466e-13
19.5	2.3	2.86215e-13
19.5	2.4	1.97279e-13
19.5	2.5	1.32449e-13
19.5	2.6	8.66153e-14
19.5	2.7	5.51721e-14
19.5	2.8	3.42313e-14
19.5	2.9	2.06874e-14
19.5	3	1.21777e-14
19.5	3.1	6.98243e-15
19.5	3.2	3.89964e-15
19.5	3.3	2.1214e-15
19.5	3.4	1.12408e-15
19.5	3.5	5.80166e-16
19.5	3.6	2.91666e-16
19.5	3.7	1.42823e-16
19.5	3.8	6.81222e-17
19.5	3.9	3.16489e-17
19.5	4	1.43221e-17

20	-4	3.82241e-22
20	-3.9	1.29634e-21
20	-3.8	4.2879e-21
20	-3.7	1.38329e-20
20	-3.6	4.35233e-20
20	-3.5	1.3356e-19
20	-3.4	3.99733e-19
20	-3.3	1.16683e-18
20	-3.2	3.32192e-18
20	-3.1	9.22384e-18
20	-3	2.49792e-17
20	-2.9	6.59761e-17
20	-2.8	1.69956e-16
20	-2.7	4.27003e-16
20	-2.6	1.04633e-15
20	-2.5	2.50061e-15
20	-2.4	5.82866e-15
20	-2.3	1.32505e-14
20	-2.2	2.93792e-14
20	-2.1	6.35315e-14
20	-2	1.33993e-13
20	-1.9	2.75624e-13
20	-1.8	5.52961e-13
20	-1.7	1.08197e-12
20	-1.6	2.0648e-12
20	-1.5	3.84311e-12
20	-1.4	6.97639e-12
20	-1.3	1.23515e-11
20	-1.2	2.13282e-11
20	-1.1	3.59195e-11
20	-1	5.89996e-11
20	-0.9	9.45172e-11
20	-0.8	1.47678e-10
20	-0.7	2.25041e-10
20	-0.6	3.34465e-10
20	-0.5	4.84822e-10
20	-0.4	6.8542e-10
20	-0.3	9.45091e-10
20	-0.2	1.27096e-09
20	-0.1	1.667e-09
20	0	2.13246e-09
20	0.1	2.66053e-09
20	0.2	3.23742e-09
20	0.3	3.84213e-09
20	0.4	4.44721e-09
20	0.5	5.02048e-09
20	0.6	5.52772e-09
20	0.7	5.93594e-09
20	0.8	6.21693e-09
20	0.9	6.35045e-09
20	1	6.32668e-09
20	1.1	6.14738e-09
20	1.2	5.82568e-09
20	1.3	5.38451e-09
20	1.4	4.85387e-09
20	1.5	4.26749e-09
20	1.6	3.65932e-09
20	1.7	3.06034e-09
20	1.8	2.49622e-09
20	1.9	1.98581e-09
20	2	1.54076e-09
20	2.1	1.16594e-09
20	2.2	8.60515e-10
20	2.3	6.19419e-10
20	2.4	4.34863e-10
20	2.5	2.97758e-10
20	2.6	1.98846e-10
20	2.7	1.29513e-10
20	2.8	8.2272e-11
20	2.9	5.09722e-11
20	3	3.08005e-11
20	3.1	1.8152e-11
20	3.2	1.04336e-11
20	3.3	5.84906e-12
20	3.4	3.19802e-12
20	3.5	1.70537e-12
20	3.6	8.86948e-13
20	3.7	4.49905e-13
20	3.8	2.2258e-13
20	3.9	1.07397e-13
20	4	5.05411e-14

20.5	-4	5.51739e-19
20.5	-3.9	1.76424e-18
20.5	-3.8	5.50871e-18
20.5	-3.7	1.6796e-17
20.5	-3.6	5.00069e-17
20.5	-3.5	1.45385e-16
20.5	-3.4	4.12736e-16
20.5	-3.3	1.14418e-15
20.5	-3.2	3.09727e-15
20.5	-3.1	8.18711e-15
20.5	-3	2.11324e-14
20.5	-2.9	5.32637e-14
20.5	-2.8	1.31093e-13
20.5	-2.7	3.15062e-13
20.5	-2.6	7.39395e-13
20.5	-2.5	1.69443e-12
20.5	-2.4	3.79172e-12
20.5	-2.3	8.28541e-12
20.5	-2.2	1.7679e-11
20.5	-2.1	3.68356e-11
20.5	-2	7.49452e-11
20.5	-1.9	1.48897e-10
20.5	-1.8	2.88863e-10
20.5	-1.7	5.47224e-10
20.5	-1.6	1.01229e-09
20.5	-1.5	1.82856e-09
20.5	-1.4	3.22537e-09
20.5	-1.3	5.55541e-09
20.5	-1.2	9.34368e-09
20.5	-1.1	1.53457e-08
20.5	-1	2.46105e-08
20.5	-0.9	3.85407e-08
20.5	-0.8	5.89365e-08
20.5	-0.7	8.80067e-08
20.5	-0.6	1.28325e-07
20.5	-0.5	1.82716e-07
20.5	-0.4	2.54041e-07
20.5	-0.3	3.44904e-07
20.5	-0.2	4.57255e-07
20.5	-0.1	5.91949e-07
20.5	0	7.48301e-07
20.5	0.1	9.23707e-07
20.5	0.2	1.11342e-06
20.5	0.3	1.31053e-06
20.5	0.4	1.50627e-06
20.5	0.5	1.69053e-06
20.5	0.6	1.85272e-06
20.5	0.7	1.98272e-06
20.5	0.8	2.07195e-06
20.5	0.9	2.11429e-06
20.5	1	2.10675e-06
20.5	1.1	2.04989e-06
20.5	1.2	1.94765e-06
20.5	1.3	1.807e-06
20.5	1.4	1.63709e-06
20.5	1.5	1.44827e-06
20.5	1.6	1.25111e-06
20.5	1.7	1.05537e-06
20.5	1.8	8.69324e-07
20.5	1.9	6.99236e-07
20.5	2	5.49202e-07
20.5	2.1	4.21217e-07
20.5	2.2	3.15461e-07
20.5	2.3	2.30702e-07
20.5	2.4	1.64749e-07
20.5	2.5	1.14884e-07
20.5	2.6	7.82279e-08
20.5	2.7	5.20152e-08
20.5	2.8	3.37726e-08
20.5	2.9	2.14124e-08
20.5	3	1.32566e-08
20.5	3.1	8.01424e-09
20.5	3.2	4.73108e-09
20.5	3.3	2.72724e-09
20.5	3.4	1.53516e-09
20.5	3.5	8.43816e-10
20.5	3.6	4.52907e-10
20.5	3.7	2.37375e-10
20.5	3.8	1.21486e-10
20.5	3.9	6.07136e-11
20.5	4	2.96285e-11

21	-4	1.5127e-16
21	-3.9	4.57958e-16
21	-3.8	1.35534e-15
21	-3.7	3.92126e-15
21	-3.6	1.10906e-14
21	-3.5	3.06644e-14
21	-3.4	8.28834e-14
21	-3.3	2.19004e-13
21	-3.2	5.65703e-13
21	-3.1	1.42849e-12
21	-3	3.52629e-12
21	-2.9	8.50963e-12
21	-2.8	2.0075e-11
21	-2.7	4.62969e-11
21	-2.6	1.04376e-10
21	-2.5	2.30039e-10
21	-2.4	4.95627e-10
21	-2.3	1.0439e-09
21	-2.2	2.1494e-09
21	-2.1	4.3264e-09
21	-2	8.5131e-09
21	-1.9	1.63757e-08
21	-1.8	3.0794e-08
21	-1.7	5.66088e-08
21	-1.6	1.01731e-07
21	-1.5	1.78721e-07
21	-1.4	3.06936e-07
21	-1.3	5.15316e-07
21	-1.2	8.45768e-07
21	-1.1	1.357e-06
21	-1	2.12845e-06
21	-0.9	3.2636e-06
21	-0.8	4.89196e-06
21	-0.7	7.16837e-06
21	-0.6	1.02686e-05
21	-0.5	1.43798e-05
21	-0.4	1.96855e-05
21	-0.3	2.63447e-05
21	-0.2	3.4466e-05
21	-0.1	4.408e-05
21	0	5.51116e-05
21	0.1	6.73593e-05
21	0.2	8.0483e-05
21	0.3	9.40075e-05
21	0.4	0.000107343
21	0.5	0.000119822
21	0.6	0.000130753
21	0.7	0.000139482
21	0.8	0.000145457
21	0.9	0.000148288
21	1	0.000147785
21	1.1	0.000143981
21	1.2	0.00013713
21	1.3	0.000127676
21	1.4	0.000116209
21	1.5	0.000103401
21	1.6	8.99413e-05
21	1.7	7.64797e-05
21	1.8	6.35749e-05
21	1.9	5.16627e-05
21	2	4.10412e-05
21	2.1	3.18725e-05
21	2.2	2.41971e-05
21	2.3	1.79582e-05
21	2.4	1.30291e-05
21	2.5	9.24097e-06
21	2.6	6.40727e-06
21	2.7	4.34291e-06
21	2.8	2.87767e-06
21	2.9	1.86403e-06
21	3	1.18036e-06
21	3.1	7.30688e-07
21	3.2	4.42181e-07
21	3.3	2.61589e-07
21	3.4	1.51284e-07
21	3.5	8.55296e-08
21	3.6	4.72708e-08
21	3.7	2.554e-08
21	3.8	1.34897e-08
21	3.9	6.9652e-09
21	4	3.51575e-09

21.5	-4	9.42563e-15
21.5	-3.9	2.71186e-14
21.5	-3.8	7.63535e-14
21.5	-3.7	2.10376e-13
21.5	-3.6	5.6724e-13
21.5	-3.5	1.49673e-12
21.5	-3.4	3.86477e-12
21.5	-3.3	9.76583e-12
21.5	-3.2	2.4149e-11
21.5	-3.1	5.84379e-11
21.5	-3	1.38387e-10
21.5	-2.9	3.207e-10
21.5	-2.8	7.27292e-10
21.5	-2.7	1.61407e-09
21.5	-2.6	3.50544e-09
21.5	-2.5	7.45016e-09
21.5	-2.4	1.54951e-08
21.5	-2.3	3.15375e-08
21.5	-2.2	6.28153e-08
21.5	-2.1	1.22436e-07
21.5	-2	2.33537e-07
21.5	-1.9	4.35922e-07
21.5	-1.8	7.9628e-07
21.5	-1.7	1.4234e-06
21.5	-1.6	2.48997e-06
21.5	-1.5	4.26251e-06
21.5	-1.4	7.14072e-06
21.5	-1.3	1.17064e-05
21.5	-1.2	1.87806e-05
21.5	-1.1	2.94849e-05
21.5	-1	4.52996e-05
21.5	-0.9	6.81074e-05
21.5	-0.8	0.000100207
21.5	-0.7	0.000144281
21.5	-0.6	0.000203293
21.5	-0.5	0.000280313
21.5	-0.4	0.000378239
21.5	-0.3	0.000499454
21.5	-0.2	0.000645399
21.5	-0.1	0.000816144
21.5	0	0.00100997
21.5	0.1	0.00122309
21.5	0.2	0.00144947
21.5	0.3	0.001681
21.5	0.4	0.00190779
21.5	0.5	0.00211883
21.5	0.6	0.00230286
21.5	0.7	0.00244931
21.5	0.8	0.00254933
21.5	0.9	0.00259664
21.5	1	0.00258823
21.5	1.1	0.00252463
21.5	1.2	0.00240989
21.5	1.3	0.00225114
21.5	1.4	0.00205785
21.5	1.5	0.00184089
21.5	1.6	0.00161156
21.5	1.7	0.00138061
21.5	1.8	0.00115744
21.5	1.9	0.000949584
21.5	2	0.000762381
21.5	2.1	0.000598984
21.5	2.2	0.000460535
21.5	2.3	0.00034651
21.5	2.4	0.000255137
21.5	2.5	0.000183838
21.5	2.6	0.000129629
21.5	2.7	8.94488e-05
21.5	2.8	6.0402e-05
21.5	2.9	3.99147e-05
21.5	3	2.58118e-05
21.5	3.1	1.63346e-05
21.5	3.2	1.01159e-05
21.5	3.3	6.13063e-06
21.5	3.4	3.63589e-06
21.5	3.5	2.11019e-06
21.5	3.6	1.19849e-06
21.5	3.7	6.66124e-07
21.5	3.8	3.62309e-07
21.5	3.9	1.92845e-07
21.5	4	1.00448e-07

22	-4	1.56329e-13
22	-3.9	4.28915e-13
22	-3.8	1.15274e-12
22	-3.7	3.03471e-12
22	-3.6	7.82583e-12
22	-3.5	1.97684e-11
22	-3.4	4.89145e-11
22	-3.3	1.18558e-10
22	-3.2	2.81484e-10
22	-3.1	6.54638e-10
22	-3	1.49134e-09
22	-2.9	3.32796e-09
22	-2.8	7.27458e-09
22	-2.7	1.55763e-08
22	-2.6	3.26698e-08
22	-2.5	6.71207e-08
22	-2.4	1.35081e-07
22	-2.3	2.66292e-07
22	-2.2	5.14219e-07
22	-2.1	9.72672e-07
22	-2	1.80223e-06
22	-1.9	3.27102e-06
22	-1.8	5.81543e-06
22	-1.7	1.01276e-05
22	-1.6	1.72767e-05
22	-1.5	2.88695e-05
22	-1.4	4.72549e-05
22	-1.3	7.5767e-05
22	-1.2	0.000118998
22	-1.1	0.000183075
22	-1	0.000275895
22	-0.9	0.000407272
22	-0.8	0.000588916
22	-0.7	0.000834159
22	-0.6	0.00115737
22	-0.5	0.00157297
22	-0.4	0.0020941
22	-0.3	0.00273087
22	-0.2	0.00348844
22	-0.1	0.00436504
22	0	0.00535023
22	0.1	0.00642368
22	0.2	0.00755478
22	0.3	0.00870336
22	0.4	0.00982153
22	0.5	0.0108567
22	0.6	0.0117556
22	0.7	0.0124686
22	0.8	0.0129544
22	0.9	0.0131839
22	1	0.0131431
22	1.1	0.0128345
22	1.2	0.0122769
22	1.3	0.0115033
22	1.4	0.0105581
22	1.5	0.00949235
22	1.6	0.00835968
22	1.7	0.00721162
22	1.8	0.006094
22	1.9	0.00504428
22	2	0.00409
22	2.1	0.00324843
22	2.2	0.00252727
22	2.3	0.001926
22	2.4	0.00143776
22	2.5	0.00105135
22	2.6	0.000753064
22	2.7	0.000528378
22	2.8	0.000363149
22	2.9	0.000244484
22	3	0.000161229
22	3.1	0.000104151
22	3.2	6.59041e-05
22	3.3	4.08495e-05
22	3.4	2.48021e-05
22	3.5	1.47508e-05
22	3.6	8.59354e-06
22	3.7	4.90404e-06
22	3.8	2.74134e-06
22	3.9	1.50107e-06
22	4	8.05125e-07

22.5	-4	7.93511e-13
22.5	-3.9	2.08267e-12
22.5	-3.8	5.35931e-12
22.5	-3.7	1.35213e-11
22.5	-3.6	3.34465e-11
22.5	-3.5	8.11153e-11
22.5	-3.4	1.92876e-10
22.5	-3.3	4.49648e-10
22.5	-3.2	1.02775e-09
22.5	-3.1	2.30318e-09
22.5	-3	5.06042e-09
22.5	-2.9	1.0901e-08
22.5	-2.8	2.30234e-08
22.5	-2.7	4.76753e-08
22.5	-2.6	9.67917e-08
22.5	-2.5	1.92666e-07
22.5	-2.4	3.76003e-07
22.5	-2.3	7.1945e-07
22.5	-2.2	1.34968e-06
22.5	-2.1	2.48246e-06
22.5	-2	4.47667e-06
22.5	-1.9	7.91498e-06
22.5	-1.8	1.37204e-05
22.5	-1.7	2.33186e-05
22.5	-1.6	3.88562e-05
22.5	-1.5	6.34805e-05
22.5	-1.4	0.000101681
22.5	-1.3	0.000159685
22.5	-1.2	0.000245871
22.5	-1.1	0.000371169
22.5	-1	0.000549362
22.5	-0.9	0.000797197
22.5	-0.8	0.00113421
22.5	-0.7	0.00158214
22.5	-0.6	0.0021638
22.5	-0.5	0.00290142
22.5	-0.4	0.00381438
22.5	-0.3	0.00491655
22.5	-0.2	0.00621323
22.5	-0.1	0.00769831
22.5	0	0.0093518
22.5	0.1	0.0111382
22.5	0.2	0.0130065
22.5	0.3	0.014891
22.5	0.4	0.0167151
22.5	0.5	0.0183956
22.5	0.6	0.0198492
22.5	0.7	0.0209987
22.5	0.8	0.0217802
22.5	0.9	0.022149
22.5	1	0.0220835
22.5	1.1	0.0215875
22.5	1.2	0.0206899
22.5	1.3	0.0194417
22.5	1.4	0.0179116
22.5	1.5	0.0161791
22.5	1.6	0.0143283
22.5	1.7	0.012441
22.5	1.8	0.0105911
22.5	1.9	0.00883988
22.5	2	0.00723391
22.5	2.1	0.00580391
22.5	2.2	0.00456552
22.5	2.3	0.00352112
22.5	2.4	0.00266252
22.5	2.5	0.0019739
22.5	2.6	0.00143477
22.5	2.7	0.00102249
22.5	2.8	0.000714421
22.5	2.9	0.00048941
22.5	3	0.00032871
22.5	3.1	0.000216458
22.5	3.2	0.000139752
22.5	3.3	8.8463e-05
22.5	3.4	5.49018e-05
22.5	3.5	3.34067e-05
22.5	3.6	1.99297e-05
22.5	3.7	1.16571e-05
22.5	3.8	6.68501e-06
22.5	3.9	3.75867e-06
22.5	4	2.07199e-06

23	-4	1.39479e-12
23	-3.9	3.512e-12
23	-3.8	8.6774e-12
23	-3.7	2.10385e-11
23	-3.6	5.00531e-11
23	-3.5	1.16852e-10
23	-3.4	2.67691e-10
23	-3.3	6.01756e-10
23	-3.2	1.32739e-09
23	-3.1	2.87319e-09
23	-3	6.10271e-09
23	-2.9	1.27195e-08
23	-2.8	2.60141e-08
23	-2.7	5.2208e-08
23	-2.6	1.02815e-07
23	-2.5	1.98685e-07
23	-2.4	3.76759e-07
23	-2.3	7.01057e-07
23	-2.2	1.28007e-06
23	-2.1	2.29352e-06
23	-2	4.0324e-06
23	-1.9	6.95687e-06
23	-1.8	1.17775e-05
23	-1.7	1.95653e-05
23	-1.6	3.18939e-05
23	-1.5	5.10175e-05
23	-1.4	8.00794e-05
23	-1.3	0.000123343
23	-1.2	0.000186421
23	-1.1	0.000276483
23	-1	0.000402375
23	-0.9	0.000574625
23	-0.8	0.000805246
23	-0.7	0.00110729
23	-0.6	0.00149412
23	-0.5	0.00197834
23	-0.4	0.00257043
23	-0.3	0.00327718
23	-0.2	0.00410002
23	-0.1	0.0050334
23	0	0.00606355
23	0.1	0.00716775
23	0.2	0.00831437
23	0.3	0.00946381
23	0.4	0.0105704
23	0.5	0.0115854
23	0.6	0.01246
23	0.7	0.0131497
23	0.8	0.0136177
23	0.9	0.0138383
23	1	0.0137991
23	1.1	0.0135023
23	1.2	0.0129646
23	1.3	0.0122151
23	1.4	0.0112935
23	1.5	0.0102458
23	1.6	0.00912131
23	1.7	0.00796815
23	1.8	0.00683043
23	1.9	0.00574552
23	2	0.00474243
23	2.1	0.00384116
23	2.2	0.00305291
23	2.3	0.00238098
23	2.4	0.00182217
23	2.5	0.00136839
23	2.6	0.00100838
23	2.7	0.000729168
23	2.8	0.000517393
23	2.9	0.00036025
23	3	0.000246138
23	3.1	0.000165022
23	3.2	0.000108567
23	3.3	7.00878e-05
23	3.4	4.43994e-05
23	3.5	2.75996e-05
23	3.6	1.68352e-05
23	3.7	1.00768e-05
23	3.8	5.91862e-06
23	3.9	3.4112e-06
23	4	1.92923e-06

23.5	-4	9.47368e-13
23.5	-3.9	2.29445e-12
23.5	-3.8	5.45728e-12
23.5	-3.7	1.2747e-11
23.5	-3.6	2.924e-11
23.5	-3.5	6.58692e-11
23.5	-3.4	1.45721e-10
23.5	-3.3	3.16591e-10
23.5	-3.2	6.75478e-10
23.5	-3.1	1.41534e-09
23.5	-3	2.91235e-09
23.5	-2.9	5.88523e-09
23.5	-2.8	1.16794e-08
23.5	-2.7	2.2762e-08
23.5	-2.6	4.35651e-08
23.5	-2.5	8.18846e-08
23.5	-2.4	1.51148e-07
23.5	-2.3	2.73992e-07
23.5	-2.2	4.87763e-07
23.5	-2.1	8.52739e-07
23.5	-2	1.46406e-06
23.5	-1.9	2.46853e-06
23.5	-1.8	4.08746e-06
23.5	-1.7	6.64667e-06
23.5	-1.6	1.06143e-05
23.5	-1.5	1.66461e-05
23.5	-1.4	2.56373e-05
23.5	-1.3	3.87763e-05
23.5	-1.2	5.75966e-05
23.5	-1.1	8.40162e-05
23.5	-1	0.000120355
23.5	-0.9	0.000169318
23.5	-0.8	0.000233926
23.5	-0.7	0.000317386
23.5	-0.6	0.000422896
23.5	-0.5	0.000553369
23.5	-0.4	0.000711104
23.5	-0.3	0.000897401
23.5	-0.2	0.00111218
23.5	-0.1	0.00135363
23.5	0	0.00161794
23.5	0.1	0.00189915
23.5	0.2	0.00218924
23.5	0.3	0.00247835
23.5	0.4	0.00275529
23.5	0.5	0.00300821
23.5	0.6	0.00322541
23.5	0.7	0.00339623
23.5	0.8	0.00351193
23.5	0.9	0.0035664
23.5	1	0.00355673
23.5	1.1	0.00348343
23.5	1.2	0.00335042
23.5	1.3	0.00316466
23.5	1.4	0.00293556
23.5	1.5	0.00267418
23.5	1.6	0.00239236
23.5	1.7	0.00210184
23.5	1.8	0.00181345
23.5	1.9	0.00153656
23.5	2	0.00127858
23.5	2.1	0.00104483
23.5	2.2	0.000838487
23.5	2.3	0.00066082
23.5	2.4	0.000511454
23.5	2.5	0.000388746
23.5	2.6	0.000290175
23.5	2.7	0.000212712
23.5	2.8	0.000153129
23.5	2.9	0.000108258
23.5	3	7.51621e-05
23.5	3.1	5.12476e-05
23.5	3.2	3.4315e-05
23.5	3.3	2.25647e-05
23.5	3.4	1.45718e-05
23.5	3.5	9.24124e-06
23.5	3.6	5.75552e-06
23.5	3.7	3.52026e-06
23.5	3.8	2.11446e-06
23.5	3.9	1.24727e-06
23.5	4	7.22536e-07

24	-4	2.74104e-13
24	-3.9	6.40083e-13
24	-3.8	1.46899e-12
24	-3.7	3.31328e-12
24	-3.6	7.34446e-12
24	-3.5	1.60001e-11
24	-3.4	3.42565e-11
24	-3.3	7.20818e-11
24	-3.2	1.49062e-10
24	-3.1	3.02949e-10
24	-3	6.05107e-10
24	-2.9	1.18783e-09
24	-2.8	2.29159e-09
24	-2.7	4.34491e-09
24	-2.6	8.09624e-09
24	-2.5	1.48268e-08
24	-2.4	2.66852e-08
24	-2.3	4.72013e-08
24	-2.2	8.20535e-08
24	-2.1	1.40185e-07
24	-2	2.35378e-07
24	-1.9	3.88409e-07
24	-1.8	6.29903e-07
24	-1.7	1.00396e-06
24	-1.6	1.57262e-06
24	-1.5	2.42096e-06
24	-1.4	3.6628e-06
24	-1.3	5.44626e-06
24	-1.2	7.95873e-06
24	-1.1	1.14301e-05
24	-1	1.6133e-05
24	-0.9	2.2379e-05
24	-0.8	3.05089e-05
24	-0.7	4.08765e-05
24	-0.6	5.38245e-05
24	-0.5	6.9654e-05
24	-0.4	8.85876e-05
24	-0.3	0.000110729
24	-0.2	0.000136021
24	-0.1	0.000164215
24	0	0.000194841
24	0.1	0.0002272
24	0.2	0.000260373
24	0.3	0.000293254
24	0.4	0.000324603
24	0.5	0.000353119
24	0.6	0.000377528
24	0.7	0.000396678
24	0.8	0.000409625
24	0.9	0.000415714
24	1	0.000414633
24	1.1	0.000406437
24	1.2	0.000391546
24	1.3	0.000370708
24	1.4	0.000344939
24	1.5	0.000315436
24	1.6	0.000283493
24	1.7	0.000250399
24	1.8	0.000217361
24	1.9	0.000185435
24	2	0.000155476
24	2.1	0.000128113
24	2.2	0.000103749
24	2.3	8.25727e-05
24	2.4	6.45874e-05
24	2.5	4.965e-05
24	2.6	3.75103e-05
24	2.7	2.78511e-05
24	2.8	2.03233e-05
24	2.9	1.45749e-05
24	3	1.02726e-05
24	3.1	7.11561e-06
24	3.2	4.844e-06
24	3.3	3.24084e-06
24	3.4	2.13094e-06
24	3.5	1.37703e-06
24	3.6	8.74534e-07
24	3.7	5.45846e-07
24	3.8	3.3483e-07
24	3.9	2.01854e-07
24	4	1.19595e-07

24.5	-4	3.68486e-14
24.5	-3.9	8.31498e-14
24.5	-3.8	1.8453e-13
24.5	-3.7	4.02752e-13
24.5	-3.6	8.64515e-13
24.5	-3.5	1.82504e-12
24.5	-3.4	3.78911e-12
24.5	-3.3	7.73689e-12
24.5	-3.2	1.55368e-11
24.5	-3.1	3.06845e-11
24.5	-3	5.95996e-11
24.5	-2.9	1.1385e-10
24.5	-2.8	2.13887e-10
24.5	-2.7	3.95188e-10
24.5	-2.6	7.18102e-10
24.5	-2.5	1.28332e-09
24.5	-2.4	2.25552e-09
24.5	-2.3	3.89873e-09
24.5	-2.2	6.62774e-09
24.5	-2.1	1.10808e-08
24.5	-2	1.82198e-08
24.5	-1.9	2.94632e-08
24.5	-1.8	4.68577e-08
24.5	-1.7	7.32904e-08
24.5	-1.6	1.1274e-07
24.5	-1.5	1.70558e-07
24.5	-1.4	2.53766e-07
24.5	-1.3	3.71328e-07
24.5	-1.2	5.34377e-07
24.5	-1.1	7.56314e-07
24.5	-1	1.05274e-06
24.5	-0.9	1.44114e-06
24.5	-0.8	1.94024e-06
24.5	-0.7	2.56902e-06
24.5	-0.6	3.34539e-06
24.5	-0.5	4.28439e-06
24.5	-0.4	5.39632e-06
24.5	-0.3	6.68452e-06
24.5	-0.2	8.14343e-06
24.5	-0.1	9.75685e-06
24.5	0	1.14968e-05
24.5	0.1	1.33232e-05
24.5	0.2	1.51847e-05
24.5	0.3	1.70203e-05
24.5	0.4	1.87626e-05
24.5	0.5	2.03415e-05
24.5	0.6	2.1689e-05
24.5	0.7	2.27436e-05
24.5	0.8	2.34555e-05
24.5	0.9	2.379e-05
24.5	1	2.37306e-05
24.5	1.1	2.32803e-05
24.5	1.2	2.24612e-05
24.5	1.3	2.13129e-05
24.5	1.4	1.98891e-05
24.5	1.5	1.82538e-05
24.5	1.6	1.64762e-05
24.5	1.7	1.4626e-05
24.5	1.8	1.2769e-05
24.5	1.9	1.09637e-05
24.5	2	9.25803e-06
24.5	2.1	7.68858e-06
24.5	2.2	6.27969e-06
24.5	2.3	5.04423e-06
24.5	2.4	3.98489e-06
24.5	2.5	3.09601e-06
24.5	2.6	2.36567e-06
24.5	2.7	1.77774e-06
24.5	2.8	1.31386e-06
24.5	2.9	9.54983e-07
24.5	3	6.82662e-07
24.5	3.1	4.79933e-07
24.5	3.2	3.31834e-07
24.5	3.3	2.25645e-07
24.5	3.4	1.50902e-07
24.5	3.5	9.92495e-08
24.5	3.6	6.41988e-08
24.5	3.7	4.08405e-08
24.5	3.8	2.55517e-08
24.5	3.9	1.57222e-08
24.5	4	9.51415e-09

25	-4	2.48719e-15
25	-3.9	5.43443e-15
25	-3.8	1.16856e-14
25	-3.7	2.47285e-14
25	-3.6	5.14986e-14
25	-3.5	1.05547e-13
25	-3.4	2.12886e-13
25	-3.3	4.2257e-13
25	-3.2	8.25472e-13
25	-3.1	1.58693e-12
25	-3	3.00236e-12
25	-2.9	5.59012e-12
25	-2.8	1.02431e-11
25	-2.7	1.8471e-11
25	-2.6	3.27794e-11
25	-2.5	5.72484e-11
25	-2.4	9.8396e-11
25	-2.3	1.66434e-10
25	-2.2	2.77051e-10
25	-2.1	4.53865e-10
25	-2	7.31722e-10
25	-1.9	1.16096e-09
25	-1.8	1.81275e-09
25	-1.7	2.78555e-09
25	-1.6	4.21245e-09
25	-1.5	6.26917e-09
25	-1.4	9.182e-09
25	-1.3	1.32347e-08
25	-1.2	1.87735e-08
25	-1.1	2.62075e-08
25	-1	3.60045e-08
25	-0.9	4.86789e-08
25	-0.8	6.47701e-08
25	-0.7	8.48127e-08
25	-0.6	1.09294e-07
25	-0.5	1.38607e-07
25	-0.4	1.72992e-07
25	-0.3	2.12479e-07
25	-0.2	2.56838e-07
25	-0.1	3.05529e-07
25	0	3.57682e-07
25	0.1	4.12091e-07
25	0.2	4.67241e-07
25	0.3	5.21362e-07
25	0.4	5.72518e-07
25	0.5	6.18715e-07
25	0.6	6.58026e-07
25	0.7	6.88727e-07
25	0.8	7.09418e-07
25	0.9	7.19132e-07
25	1	7.17408e-07
25	1.1	7.04328e-07
25	1.2	6.80511e-07
25	1.3	6.47064e-07
25	1.4	6.05494e-07
25	1.5	5.57602e-07
25	1.6	5.05347e-07
25	1.7	4.50719e-07
25	1.8	3.95616e-07
25	1.9	3.41738e-07
25	2	2.90512e-07
25	2.1	2.43045e-07
25	2.2	2.00105e-07
25	2.3	1.62137e-07
25	2.4	1.29288e-07
25	2.5	1.01458e-07
25	2.6	7.83546e-08
25	2.7	5.95517e-08
25	2.8	4.45425e-08
25	2.9	3.27874e-08
25	3	2.37515e-08
25	3.1	1.69327e-08
25	3.2	1.18799e-08
25	3.3	8.20255e-09
25	3.4	5.57362e-09
25	3.5	3.72715e-09
25	3.6	2.45284e-09
25	3.7	1.58859e-09
25	3.8	1.01252e-09
25	3.9	6.35111e-10
25	4	3.92054e-10

25.5	-4	9.03448e-17
25.5	-3.9	1.91499e-16
25.5	-3.8	3.99716e-16
25.5	-3.7	8.21594e-16
25.5	-3.6	1.66297e-15
25.5	-3.5	3.31461e-15
25.5	-3.4	6.50581e-15
25.5	-3.3	1.25745e-14
25.5	-3.2	2.39333e-14
25.5	-3.1	4.48575e-14
25.5	-3	8.2792e-14
25.5	-2.9	1.50475e-13
25.5	-2.8	2.69314e-13
25.5	-2.7	4.74653e-13
25.5	-2.6	8.23785e-13
25.5	-2.5	1.4079e-12
25.5	-2.4	2.36948e-12
25.5	-2.3	3.92694e-12
25.5	-2.2	6.40881e-12
25.5	-2.1	1.02996e-11
25.5	-2	1.62999e-11
25.5	-1.9	2.54022e-11
25.5	-1.8	3.89833e-11
25.5	-1.7	5.89123e-11
25.5	-1.6	8.76709e-11
25.5	-1.5	1.28477e-10
25.5	-1.4	1.85403e-10
25.5	-1.3	2.63469e-10
25.5	-1.2	3.68692e-10
25.5	-1.1	5.08064e-10
25.5	-1	6.89436e-10
25.5	-0.9	9.21278e-10
25.5	-0.8	1.2123e-09
25.5	-0.7	1.5709e-09
25.5	-0.6	2.00451e-09
25.5	-0.5	2.51878e-09
25.5	-0.4	3.11668e-09
25.5	-0.3	3.79766e-09
25.5	-0.2	4.55681e-09
25.5	-0.1	5.38427e-09
25.5	0	6.2649e-09
25.5	0.1	7.17831e-09
25.5	0.2	8.09937e-09
25.5	0.3	8.99915e-09
25.5	0.4	9.8463e-09
25.5	0.5	1.06088e-08
25.5	0.6	1.12559e-08
25.5	0.7	1.17602e-08
25.5	0.8	1.20996e-08
25.5	0.9	1.22588e-08
25.5	1	1.22305e-08
25.5	1.1	1.20161e-08
25.5	1.2	1.16253e-08
25.5	1.3	1.10756e-08
25.5	1.4	1.03908e-08
25.5	1.5	9.5996e-09
25.5	1.6	8.73329e-09
25.5	1.7	7.82391e-09
25.5	1.8	6.90225e-09
25.5	1.9	5.99624e-09
25.5	2	5.12966e-09
25.5	2.1	4.32134e-09
25.5	2.2	3.58485e-09
25.5	2.3	2.92849e-09
25.5	2.4	2.35579e-09
25.5	2.5	1.86617e-09
25.5	2.6	1.45575e-09
25.5	2.7	1.11827e-09
25.5	2.8	8.45908e-10
25.5	2.9	6.30119e-10
25.5	3	4.62214e-10
25.5	3.1	3.33875e-10
25.5	3.2	2.37491e-10
25.5	3.3	1.66353e-10
25.5	3.4	1.14746e-10
25.5	3.5	7.79403e-11
25.5	3.6	5.21326e-11
25.5	3.7	3.43382e-11
25.5	3.8	2.22724e-11
25.5	3.9	1.42258e-11
25.5	4	8.94765e-12

26	-4	1.87927e-18
26	-3.9	3.871e-18
26	-3.8	7.8566e-18
26	-3.7	1.57116e-17
26	-3.6	3.09588e-17
26	-3.5	6.01065e-17
26	-3.4	1.14983e-16
26	-3.3	2.16732e-16
26	-3.2	4.0252e-16
26	-3.1	7.36592e-16
26	-3	1.32814e-15
26	-2.9	2.35957e-15
26	-2.8	4.13047e-15
26	-2.7	7.12429e-15
26	-2.6	1.21076e-14
26	-2.5	2.02746e-14
26	-2.4	3.34519e-14
26	-2.3	5.43832e-14
26	-2.2	8.71132e-14
26	-2.1	1.37493e-13
26	-2	2.13821e-13
26	-1.9	3.27639e-13
26	-1.8	4.94672e-13
26	-1.7	7.35893e-13
26	-1.6	1.07867e-12
26	-1.5	1.55788e-12
26	-1.4	2.21697e-12
26	-1.3	3.10855e-12
26	-1.2	4.2947e-12
26	-1.1	5.84633e-12
26	-1	7.84168e-12
26	-0.9	1.03636e-11
26	-0.8	1.34955e-11
26	-0.7	1.73157e-11
26	-0.6	2.18911e-11
26	-0.5	2.72691e-11
26	-0.4	3.34696e-11
26	-0.3	4.04767e-11
26	-0.2	4.82319e-11
26	-0.1	5.66292e-11
26	0	6.55121e-11
26	0.1	7.46755e-11
26	0.2	8.38706e-11
26	0.3	9.28149e-11
26	0.4	1.01205e-10
26	0.5	1.08733e-10
26	0.6	1.15105e-10
26	0.7	1.20061e-10
26	0.8	1.23393e-10
26	0.9	1.24954e-10
26	1	1.24677e-10
26	1.1	1.22574e-10
26	1.2	1.18737e-10
26	1.3	1.13331e-10
26	1.4	1.06583e-10
26	1.5	9.87644e-11
26	1.6	9.01758e-11
26	1.7	8.1125e-11
26	1.8	7.1911e-11
26	1.9	6.28075e-11
26	2	5.40509e-11
26	2.1	4.58321e-11
26	2.2	3.82924e-11
26	2.3	3.15233e-11
26	2.4	2.55696e-11
26	2.5	2.04359e-11
26	2.6	1.60931e-11
26	2.7	1.2487e-11
26	2.8	9.54673e-12
26	2.9	7.19161e-12
26	3	5.33793e-12
26	3.1	3.90387e-12
26	3.2	2.81315e-12
26	3.3	1.99741e-12
26	3.4	1.39738e-12
26	3.5	9.63252e-13
26	3.6	6.54244e-13
26	3.7	4.3784e-13
26	3.8	2.88713e-13
26	3.9	1.87583e-13
26	4	1.20087e-13

26.5	-4	2.36693e-20
26.5	-3.9	4.74558e-20
26.5	-3.8	9.38015e-20
26.5	-3.7	1.82787e-19
26.5	-3.6	3.51153e-19
26.5	-3.5	6.65065e-19
26.5	-3.4	1.24179e-18
26.5	-3.3	2.28584e-18
26.5	-3.2	4.1482e-18
26.5	-3.1	7.42146e-18
26.5	-3	1.30899e-17
26.5	-2.9	2.27612e-17
26.5	-2.8	3.90187e-17
26.5	-2.7	6.59425e-17
26.5	-2.6	1.09869e-16
26.5	-2.5	1.80467e-16
26.5	-2.4	2.92238e-16
26.5	-2.3	4.66543e-16
26.5	-2.2	7.34282e-16
26.5	-2.1	1.13933e-15
26.5	-2	1.74282e-15
26.5	-1.9	2.62827e-15
26.5	-1.8	3.90754e-15
26.5	-1.7	5.72733e-15
26.5	-1.6	8.27594e-15
26.5	-1.5	1.17896e-14
26.5	-1.4	1.65575e-14
26.5	-1.3	2.29248e-14
26.5	-1.2	3.1292e-14
26.5	-1.1	4.21092e-14
26.5	-1	5.58645e-14
26.5	-0.9	7.30652e-14
26.5	-0.8	9.42108e-14
26.5	-0.7	1.19759e-13
26.5	-0.6	1.50082e-13
26.5	-0.5	1.85424e-13
26.5	-0.4	2.25849e-13
26.5	-0.3	2.71198e-13
26.5	-0.2	3.21049e-13
26.5	-0.1	3.74689e-13
26.5	0	4.31109e-13
26.5	0.1	4.89011e-13
26.5	0.2	5.46846e-13
26.5	0.3	6.02876e-13
26.5	0.4	6.55249e-13
26.5	0.5	7.02102e-13
26.5	0.6	7.41669e-13
26.5	0.7	7.72387e-13
26.5	0.8	7.93006e-13
26.5	0.9	8.02662e-13
26.5	1	8.0095e-13
26.5	1.1	7.8794e-13
26.5	1.2	7.64182e-13
26.5	1.3	7.30662e-13
26.5	1.4	6.88734e-13
26.5	1.5	6.40033e-13
26.5	1.6	5.86366e-13
26.5	1.7	5.29603e-13
26.5	1.8	4.71572e-13
26.5	1.9	4.13963e-13
26.5	2	3.58254e-13
26.5	2.1	3.05658e-13
26.5	2.2	2.57096e-13
26.5	2.3	2.13192e-13
26.5	2.4	1.74286e-13
26.5	2.5	1.40466e-13
26.5	2.6	1.11608e-13
26.5	2.7	8.74245e-14
26.5	2.8	6.7513e-14
26.5	2.9	5.13993e-14
26.5	3	3.85783e-14
26.5	3.1	2.8546e-14
26.5	3.2	2.08239e-14
26.5	3.3	1.4976e-14
26.5	3.4	1.0618e-14
26.5	3.5	7.42176e-15
26.5	3.6	5.11431e-15
26.5	3.7	3.47442e-15
26.5	3.8	2.32699e-15
26.5	3.9	1.53646e-15
26.5	4	1.00014e-15

27	-4	1.89787e-22
27	-3.9	3.70924e-22
27	-3.8	7.15067e-22
27	-3.7	1.35972e-21
27	-3.6	2.55034e-21
27	-3.5	4.71832e-21
27	-3.4	8.61032e-21
27	-3.3	1.54986e-20
27	-3.2	2.75176e-20
27	-3.1	4.81915e-20
27	-3	8.32479e-20
27	-2.9	1.41846e-19
27	-2.8	2.384e-19
27	-2.7	3.95217e-19
27	-2.6	6.46262e-19
27	-2.5	1.04238e-18
27	-2.4	1.65837e-18
27	-2.3	2.60245e-18
27	-2.2	4.02834e-18
27	-2.1	6.15052e-18
27	-2	9.26276e-18
27	-1.9	1.37598e-17
27	-1.8	2.01616e-17
27	-1.7	2.91394e-17
27	-1.6	4.15413e-17
27	-1.5	5.84146e-17
27	-1.4	8.10224e-17
27	-1.3	1.10849e-16
27	-1.2	1.49589e-16
27	-1.1	1.99119e-16
27	-1	2.61437e-16
27	-0.9	3.38582e-16
27	-0.8	4.32518e-16
27	-0.7	5.44987e-16
27	-0.6	6.77346e-16
27	-0.5	8.30382e-16
27	-0.4	1.00413e-15
27	-0.3	1.19768e-15
27	-0.2	1.40908e-15
27	-0.1	1.63521e-15
27	0	1.87178e-15
27	0.1	2.11338e-15
27	0.2	2.35365e-15
27	0.3	2.58554e-15
27	0.4	2.80157e-15
27	0.5	2.9943e-15
27	0.6	3.15668e-15
27	0.7	3.28254e-15
27	0.8	3.3669e-15
27	0.9	3.40639e-15
27	1	3.39939e-15
27	1.1	3.34619e-15
27	1.2	3.24894e-15
27	1.3	3.11154e-15
27	1.4	2.93936e-15
27	1.5	2.73887e-15
27	1.6	2.51729e-15
27	1.7	2.28212e-15
27	1.8	2.04073e-15
27	1.9	1.80001e-15
27	2	1.56606e-15
27	2.1	1.34395e-15
27	2.2	1.13763e-15
27	2.3	9.49862e-16
27	2.4	7.82282e-16
27	2.5	6.3549e-16
27	2.6	5.0921e-16
27	2.7	4.02464e-16
27	2.8	3.13762e-16
27	2.9	2.41277e-16
27	3	1.8301e-16
27	3.1	1.36923e-16
27	3.2	1.01046e-16
27	3.3	7.35539e-17
27	3.4	5.28122e-17
27	3.5	3.74029e-17
27	3.6	2.61288e-17
27	3.7	1.80043e-17
27	3.8	1.2237e-17
27	3.9	8.20384e-18
27	4	5.42502e-18

27.5	-4	1.01352e-24
27.5	-3.9	1.93359e-24
27.5	-3.8	3.64045e-24
27.5	-3.7	6.76397e-24
27.5	-3.6	1.24024e-23
27.5	-3.5	2.24423e-23
27.5	-3.4	4.00763e-23
27.5	-3.3	7.06258e-23
27.5	-3.2	1.22828e-22
27.5	-3.1	2.10808e-22
27.5	-3	3.57056e-22
27.5	-2.9	5.96817e-22
27.5	-2.8	9.84473e-22
27.5	-2.7	1.60259e-21
27.5	-2.6	2.57455e-21
27.5	-2.5	4.08164e-21
27.5	-2.4	6.38597e-21
27.5	-2.3	9.85997e-21
27.5	-2.2	1.50239e-20
27.5	-2.1	2.25915e-20
27.5	-2	3.35248e-20
27.5	-1.9	4.90958e-20
27.5	-1.8	7.09544e-20
27.5	-1.7	1.01198e-19
27.5	-1.6	1.42437e-19
27.5	-1.5	1.97847e-19
27.5	-1.4	2.71202e-19
27.5	-1.3	3.66872e-19
27.5	-1.2	4.89771e-19
27.5	-1.1	6.45252e-19
27.5	-1	8.38924e-19
27.5	-0.9	1.0764e-18
27.5	-0.8	1.36295e-18
27.5	-0.7	1.70312e-18
27.5	-0.6	2.10024e-18
27.5	-0.5	2.55592e-18
27.5	-0.4	3.06962e-18
27.5	-0.3	3.63814e-18
27.5	-0.2	4.2553e-18
27.5	-0.1	4.91178e-18
27.5	0	5.59507e-18
27.5	0.1	6.28968e-18
27.5	0.2	6.97765e-18
27.5	0.3	7.63918e-18
27.5	0.4	8.25357e-18
27.5	0.5	8.80023e-18
27.5	0.6	9.25984e-18
27.5	0.7	9.61546e-18
27.5	0.8	9.85359e-18
27.5	0.9	9.96496e-18
27.5	1	9.94522e-18
27.5	1.1	9.79513e-18
27.5	1.2	9.52058e-18
27.5	1.3	9.13216e-18
27.5	1.4	8.64453e-18
27.5	1.5	8.07544e-18
27.5	1.6	7.44472e-18
27.5	1.7	6.7731e-18
27.5	1.8	6.08113e-18
27.5	1.9	5.38813e-18
27.5	2	4.7114e-18
27.5	2.1	4.06554e-18
27.5	2.2	3.46213e-18
27.5	2.3	2.90956e-18
27.5	2.4	2.41305e-18
27.5	2.5	1.97499e-18
27.5	2.6	1.59522e-18
27.5	2.7	1.27154e-18
27.5	2.8	1.00023e-18
27.5	2.9	7.76475e-19
27.5	3	5.94855e-19
27.5	3.1	4.49731e-19
27.5	3.2	3.35545e-19
27.5	3.3	2.47062e-19
27.5	3.4	1.79523e-19
27.5	3.5	1.28733e-19
27.5	3.6	9.10997e-20
27.5	3.7	6.36212e-20
27.5	3.8	4.38474e-20
27.5	3.9	2.98224e-20
27.5	4	2.0017e-20

28	-4	3.75451e-27
28	-3.9	7.00095e-27
28	-3.8	1.2889e-26
28	-3.7	2.34285e-26
28	-3.6	4.20465e-26
28	-3.5	7.45032e-26
28	-3.4	1.30341e-25
28	-3.3	2.25137e-25
28	-3.2	3.83949e-25
28	-3.1	6.46489e-25
28	-3	1.07475e-24
28	-2.9	1.76408e-24
28	-2.8	2.85882e-24
28	-2.7	4.57421e-24
28	-2.6	7.22613e-24
28	-2.5	1.12708e-23
28	-2.4	1.73567e-23
28	-2.3	2.639e-23
28	-2.2	3.9616e-23
28	-2.1	5.8717e-23
28	-2	8.59245e-23
28	-1.9	1.24145e-22
28	-1.8	1.77094e-22
28	-1.7	2.49425e-22
28	-1.6	3.46845e-22
28	-1.5	4.76202e-22
28	-1.4	6.45516e-22
28	-1.3	8.63941e-22
28	-1.2	1.14162e-21
28	-1.1	1.48943e-21
28	-1	1.91857e-21
28	-0.9	2.44004e-21
28	-0.8	3.06391e-21
28	-0.7	3.79854e-21
28	-0.6	4.64962e-21
28	-0.5	5.61925e-21
28	-0.4	6.70502e-21
28	-0.3	7.89918e-21
28	-0.2	9.18808e-21
28	-0.1	1.05518e-20
28	0	1.19644e-20
28	0.1	1.33942e-20
28	0.2	1.48048e-20
28	0.3	1.61565e-20
28	0.4	1.74081e-20
28	0.5	1.85191e-20
28	0.6	1.94512e-20
28	0.7	2.01713e-20
28	0.8	2.06529e-20
28	0.9	2.0878e-20
28	1	2.08381e-20
28	1.1	2.05347e-20
28	1.2	1.99792e-20
28	1.3	1.91924e-20
28	1.4	1.82029e-20
28	1.5	1.70456e-20
28	1.6	1.57596e-20
28	1.7	1.43859e-20
28	1.8	1.29655e-20
28	1.9	1.15373e-20
28	2	1.01363e-20
28	2.1	8.79253e-21
28	2.2	7.53025e-21
28	2.3	6.36744e-21
28	2.4	5.31596e-21
28	2.5	4.38186e-21
28	2.6	3.56612e-21
28	2.7	2.86546e-21
28	2.8	2.27328e-21
28	2.9	1.78062e-21
28	3	1.37706e-21
28	3.1	1.05146e-21
28	3.2	7.92671e-22
28	3.3	5.90003e-22
28	3.4	4.33587e-22
28	3.5	3.146e-22
28	3.6	2.25372e-22
28	3.7	1.59406e-22
28	3.8	1.11319e-22
28	3.9	7.67525e-23
28	4	5.2249e-23

28.5	-4	1.00089e-29
28.5	-3.9	1.82632e-29
28.5	-3.8	3.2917e-29
28.5	-3.7	5.86028e-29
28.5	-3.6	1.03055e-28
28.5	-3.5	1.79009e-28
28.5	-3.4	3.07137e-28
28.5	-3.3	5.20526e-28
28.5	-3.2	8.71377e-28
28.5	-3.1	1.44086e-27
28.5	-3	2.35339e-27
28.5	-2.9	3.79679e-27
28.5	-2.8	6.05053e-27
28.5	-2.7	9.52409e-27
28.5	-2.6	1.48084e-26
28.5	-2.5	2.27427e-26
28.5	-2.4	3.45011e-26
28.5	-2.3	5.16982e-26
28.5	-2.2	7.65193e-26
28.5	-2.1	1.11872e-25
28.5	-2	1.61556e-25
28.5	-1.9	2.3045e-25
28.5	-1.8	3.24703e-25
28.5	-1.7	4.51906e-25
28.5	-1.6	6.21245e-25
28.5	-1.5	8.43589e-25
28.5	-1.4	1.13149e-24
28.5	-1.3	1.49909e-24
28.5	-1.2	1.9618e-24
28.5	-1.1	2.53592e-24
28.5	-1	3.23795e-24
28.5	-0.9	4.08373e-24
28.5	-0.8	5.08742e-24
28.5	-0.7	6.26025e-24
28.5	-0.6	7.60919e-24
28.5	-0.5	9.13563e-24
28.5	-0.4	1.08341e-23
28.5	-0.3	1.26911e-23
28.5	-0.2	1.46845e-23
28.5	-0.1	1.6783e-23
28.5	0	1.89468e-23
28.5	0.1	2.11279e-23
28.5	0.2	2.32717e-23
28.5	0.3	2.53194e-23
28.5	0.4	2.72103e-23
28.5	0.5	2.88845e-23
28.5	0.6	3.02866e-23
28.5	0.7	3.13681e-23
28.5	0.8	3.20908e-23
28.5	0.9	3.24284e-23
28.5	1	3.23685e-23
28.5	1.1	3.19135e-23
28.5	1.2	3.10798e-23
28.5	1.3	2.98976e-23
28.5	1.4	2.84084e-23
28.5	1.5	2.66631e-23
28.5	1.6	2.47188e-23
28.5	1.7	2.26359e-23
28.5	1.8	2.04749e-23
28.5	1.9	1.82936e-23
28.5	2	1.61446e-23
28.5	2.1	1.40738e-23
28.5	2.2	1.21185e-23
28.5	2.3	1.03071e-23
28.5	2.4	8.65924e-24
28.5	2.5	7.18581e-24
28.5	2.6	5.89013e-24
28.5	2.7	4.769e-24
28.5	2.8	3.81402e-24
28.5	2.9	3.01294e-24
28.5	3	2.351e-24
28.5	3.1	1.81204e-24
28.5	3.2	1.37955e-24
28.5	3.3	1.03743e-24
28.5	3.4	7.70605e-25
28.5	3.5	5.65405e-25
28.5	3.6	4.09771e-25
28.5	3.7	2.93342e-25
28.5	3.8	2.07426e-25
28.5	3.9	1.44878e-25
28.5	4	9.99532e-26

29	-4	1.98492e-32
29	-3.9	3.54819e-32
29	-3.8	6.26766e-32
29	-3.7	1.09406e-31
29	-3.6	1.88717e-31
29	-3.5	3.21675e-31
29	-3.4	5.41825e-31
29	-3.3	9.01857e-31
29	-3.2	1.48338e-30
29	-3.1	2.41103e-30
29	-3	3.87248e-30
29	-2.9	6.14627e-30
29	-2.8	9.63984e-30
29	-2.7	1.49405e-29
29	-2.6	2.2882e-29
29	-2.5	3.46306e-29
29	-2.4	5.1792e-29
29	-2.3	7.65422e-29
29	-2.2	1.11783e-28
29	-2.1	1.61319e-28
29	-2	2.30055e-28
29	-1.9	3.242e-28
29	-1.8	4.51473e-28
29	-1.7	6.21278e-28
29	-1.6	8.44843e-28
29	-1.5	1.13528e-27
29	-1.4	1.50752e-27
29	-1.3	1.97816e-27
29	-1.2	2.56505e-27
29	-1.1	3.28674e-27
29	-1	4.16171e-27
29	-0.9	5.20731e-27
29	-0.8	6.4386e-27
29	-0.7	7.86693e-27
29	-0.6	9.4985e-27
29	-0.5	1.13329e-26
29	-0.4	1.33617e-26
29	-0.3	1.55675e-26
29	-0.2	1.79231e-26
29	-0.1	2.03912e-26
29	0	2.2925e-26
29	0.1	2.54689e-26
29	0.2	2.79607e-26
29	0.3	3.03335e-26
29	0.4	3.25186e-26
29	0.5	3.4449e-26
29	0.6	3.60627e-26
29	0.7	3.73058e-26
29	0.8	3.81355e-26
29	0.9	3.85229e-26
29	1	3.84542e-26
29	1.1	3.7932e-26
29	1.2	3.69746e-26
29	1.3	3.56153e-26
29	1.4	3.39005e-26
29	1.5	3.18868e-26
29	1.6	2.96382e-26
29	1.7	2.72226e-26
29	1.8	2.47083e-26
29	1.9	2.21611e-26
29	2	1.96416e-26
29	2.1	1.72028e-26
29	2.2	1.48886e-26
29	2.3	1.27335e-26
29	2.4	1.07616e-26
29	2.5	8.98757e-27
29	2.6	7.41725e-27
29	2.7	6.04895e-27
29	2.8	4.87476e-27
29	2.9	3.88206e-27
29	3	3.05497e-27
29	3.1	2.37568e-27
29	3.2	1.8256e-27
29	3.3	1.3863e-27
29	3.4	1.04027e-27
29	3.5	7.71385e-28
29	3.6	5.65239e-28
29	3.7	4.09288e-28
29	3.8	2.92861e-28
29	3.9	2.07076e-28
29	4	1.44689e-28

29.5	-4	3.01776e-35
29.5	-3.9	5.29015e-35
29.5	-3.8	9.16772e-35
29.5	-3.7	1.5706e-34
29.5	-3.6	2.65997e-34
29.5	-3.5	4.45347e-34
29.5	-3.4	7.37107e-34
29.5	-3.3	1.20607e-33
29.5	-3.2	1.95084e-33
29.5	-3.1	3.11948e-33
29.5	-3	4.93119e-33
29.5	-2.9	7.70604e-33
29.5	-2.8	1.19047e-32
29.5	-2.7	1.8181e-32
29.5	-2.6	2.7449e-32
29.5	-2.5	4.09679e-32
29.5	-2.4	6.04464e-32
29.5	-2.3	8.81672e-32
29.5	-2.2	1.27131e-31
29.5	-2.1	1.81221e-31
29.5	-2	2.55372e-31
29.5	-1.9	3.55753e-31
29.5	-1.8	4.89928e-31
29.5	-1.7	6.67001e-31
29.5	-1.6	8.97697e-31
29.5	-1.5	1.19438e-30
29.5	-1.4	1.57096e-30
29.5	-1.3	2.04266e-30
29.5	-1.2	2.62566e-30
29.5	-1.1	3.33649e-30
29.5	-1	4.19131e-30
29.5	-0.9	5.20499e-30
29.5	-0.8	6.38998e-30
29.5	-0.7	7.75513e-30
29.5	-0.6	9.30438e-30
29.5	-0.5	1.10356e-29
29.5	-0.4	1.29394e-29
29.5	-0.3	1.49983e-29
29.5	-0.2	1.71861e-29
29.5	-0.1	1.94681e-29
29.5	0	2.18012e-29
29.5	0.1	2.41349e-29
29.5	0.2	2.64132e-29
29.5	0.3	2.85763e-29
29.5	0.4	3.05633e-29
29.5	0.5	3.2315e-29
29.5	0.6	3.37767e-29
29.5	0.7	3.49011e-29
29.5	0.8	3.5651e-29
29.5	0.9	3.60009e-29
29.5	1	3.59389e-29
29.5	1.1	3.54671e-29
29.5	1.2	3.46016e-29
29.5	1.3	3.33716e-29
29.5	1.4	3.18175e-29
29.5	1.5	2.99892e-29
29.5	1.6	2.79431e-29
29.5	1.7	2.5739e-29
29.5	1.8	2.3438e-29
29.5	1.9	2.10988e-29
29.5	2	1.87761e-29
29.5	2.1	1.65181e-29
29.5	2.2	1.43657e-29
29.5	2.3	1.2351e-29
29.5	2.4	1.04975e-29
29.5	2.5	8.82027e-30
29.5	2.6	7.32632e-30
29.5	2.7	6.01589e-30
29.5	2.8	4.88341e-30
29.5	2.9	3.91882e-30
29.5	3	3.10884e-30
29.5	3.1	2.43809e-30
29.5	3.2	1.89022e-30
29.5	3.3	1.44871e-30
29.5	3.4	1.09765e-30
29.5	3.5	8.22153e-31
29.5	3.6	6.08769e-31
29.5	3.7	4.45617e-31
29.5	3.8	3.22463e-31
29.5	3.9	2.30679e-31
29.5	4	1.63135e-31

30	-4	3.61435e-38
30	-3.9	6.21951e-38
30	-3.8	1.05842e-37
30	-3.7	1.78127e-37
30	-3.6	2.96469e-37
30	-3.5	4.87981e-37
30	-3.4	7.9433e-37
30	-3.3	1.27871e-36
30	-3.2	2.03573e-36
30	-3.1	3.2051e-36
30	-3	4.99042e-36
30	-2.9	7.68436e-36
30	-2.8	1.17018e-35
30	-2.7	1.76227e-35
30	-2.6	2.62462e-35
30	-2.5	3.86576e-35
30	-2.4	5.6309e-35
30	-2.3	8.11139e-35
30	-2.2	1.15555e-34
30	-2.1	1.628e-34
30	-2	2.26827e-34
30	-1.9	3.12543e-34
30	-1.8	4.25893e-34
30	-1.7	5.73938e-34
30	-1.6	7.64899e-34
30	-1.5	1.00813e-33
30	-1.4	1.31403e-33
30	-1.3	1.69382e-33
30	-1.2	2.15926e-33
30	-1.1	2.72218e-33
30	-1	3.39393e-33
30	-0.9	4.18469e-33
30	-0.8	5.10268e-33
30	-0.7	6.1533e-33
30	-0.6	7.33824e-33
30	-0.5	8.65467e-33
30	-0.4	1.00945e-32
30	-0.3	1.16437e-32
30	-0.2	1.32823e-32
30	-0.1	1.49841e-32
30	0	1.67171e-32
30	0.1	1.84445e-32
30	0.2	2.01255e-32
30	0.3	2.17171e-32
30	0.4	2.31756e-32
30	0.5	2.44587e-32
30	0.6	2.55277e-32
30	0.7	2.63491e-32
30	0.8	2.68963e-32
30	0.9	2.71515e-32
30	1	2.71063e-32
30	1.1	2.67621e-32
30	1.2	2.61304e-32
30	1.3	2.52316e-32
30	1.4	2.40946e-32
30	1.5	2.27546e-32
30	1.6	2.12516e-32
30	1.7	1.96286e-32
30	1.8	1.79292e-32
30	1.9	1.6196e-32
30	2	1.44687e-32
30	2.1	1.27828e-32
30	2.2	1.11685e-32
30	2.3	9.65029e-33
30	2.4	8.24631e-33
30	2.5	6.96873e-33
30	2.6	5.824e-33
30	2.7	4.81354e-33
30	2.8	3.93443e-33
30	2.9	3.18034e-33
30	3	2.54238e-33
30	3.1	2.00993e-33
30	3.2	1.57143e-33
30	3.3	1.21503e-33
30	3.4	9.29073e-34
30	3.5	7.02569e-34
30	3.6	5.25415e-34
30	3.7	3.88589e-34
30	3.8	2.84218e-34
30	3.9	2.05584e-34
30	4	1.47062e-34

