# Posterior Distribution calculation
# Model: one Gaussian
# Configuration file: input_oneGauss_histo.dat
# Sigma: 0.9 to 1.1, step 0.005
# Mu: -0.1 to 0.1, step 0.005
# Data file: ND_sample_1_histo.dat
# Data row: 7 to 64
# sigma_list[0] = 0.9
# sigma_list[1] = 0.905
# sigma_list[2] = 0.91
# sigma_list[3] = 0.915
# sigma_list[4] = 0.92
# sigma_list[5] = 0.925
# sigma_list[6] = 0.93
# sigma_list[7] = 0.935
# sigma_list[8] = 0.94
# sigma_list[9] = 0.945
# sigma_list[10] = 0.95
# sigma_list[11] = 0.955
# sigma_list[12] = 0.96
# sigma_list[13] = 0.965
# sigma_list[14] = 0.97
# sigma_list[15] = 0.975
# sigma_list[16] = 0.98
# sigma_list[17] = 0.985
# sigma_list[18] = 0.99
# sigma_list[19] = 0.995
# sigma_list[20] = 1
# sigma_list[21] = 1.005
# sigma_list[22] = 1.01
# sigma_list[23] = 1.015
# sigma_list[24] = 1.02
# sigma_list[25] = 1.025
# sigma_list[26] = 1.03
# sigma_list[27] = 1.035
# sigma_list[28] = 1.04
# sigma_list[29] = 1.045
# sigma_list[30] = 1.05
# sigma_list[31] = 1.055
# sigma_list[32] = 1.06
# sigma_list[33] = 1.065
# sigma_list[34] = 1.07
# sigma_list[35] = 1.075
# sigma_list[36] = 1.08
# sigma_list[37] = 1.085
# sigma_list[38] = 1.09
# sigma_list[39] = 1.095
# sigma_list[40] = 1.1
# mu_list[0] = -0.1
# mu_list[1] = -0.095
# mu_list[2] = -0.09
# mu_list[3] = -0.085
# mu_list[4] = -0.08
# mu_list[5] = -0.075
# mu_list[6] = -0.07
# mu_list[7] = -0.065
# mu_list[8] = -0.06
# mu_list[9] = -0.055
# mu_list[10] = -0.05
# mu_list[11] = -0.045
# mu_list[12] = -0.04
# mu_list[13] = -0.035
# mu_list[14] = -0.03
# mu_list[15] = -0.025
# mu_list[16] = -0.02
# mu_list[17] = -0.015
# mu_list[18] = -0.01
# mu_list[19] = -0.005
# mu_list[20] = 0
# mu_list[21] = 0.005
# mu_list[22] = 0.01
# mu_list[23] = 0.015
# mu_list[24] = 0.02
# mu_list[25] = 0.025
# mu_list[26] = 0.03
# mu_list[27] = 0.035
# mu_list[28] = 0.04
# mu_list[29] = 0.045
# mu_list[30] = 0.05
# mu_list[31] = 0.055
# mu_list[32] = 0.06
# mu_list[33] = 0.065
# mu_list[34] = 0.07
# mu_list[35] = 0.075
# mu_list[36] = 0.08
# mu_list[37] = 0.085
# mu_list[38] = 0.09
# mu_list[39] = 0.095
# mu_list[40] = 0.1
# Free energy: 1414.52
# sigma mu posterior_distribution
0.9	-0.1	9.41924e-12
0.9	-0.095	2.02007e-11
0.9	-0.09	4.20062e-11
0.9	-0.085	8.46945e-11
0.9	-0.08	1.65575e-10
0.9	-0.075	3.13854e-10
0.9	-0.07	5.76843e-10
0.9	-0.065	1.02798e-09
0.9	-0.06	1.77625e-09
0.9	-0.055	2.97592e-09
0.9	-0.05	4.83432e-09
0.9	-0.045	7.61455e-09
0.9	-0.04	1.16292e-08
0.9	-0.035	1.72207e-08
0.9	-0.03	2.47256e-08
0.9	-0.025	3.44222e-08
0.9	-0.02	4.64652e-08
0.9	-0.015	6.08151e-08
0.9	-0.01	7.71777e-08
0.9	-0.005	9.49659e-08
0.9	0	1.13302e-07
0.9	0.005	1.31071e-07
0.9	0.01	1.47018e-07
0.9	0.015	1.59893e-07
0.9	0.02	1.68611e-07
0.9	0.025	1.72399e-07
0.9	0.03	1.70916e-07
0.9	0.035	1.64295e-07
0.9	0.04	1.53131e-07
0.9	0.045	1.38388e-07
0.9	0.05	1.21263e-07
0.9	0.055	1.03028e-07
0.9	0.06	8.48744e-08
0.9	0.065	6.77945e-08
0.9	0.07	5.25059e-08
0.9	0.075	3.94292e-08
0.9	0.08	2.87093e-08
0.9	0.085	2.02686e-08
0.9	0.09	1.38746e-08
0.9	0.095	9.20903e-09
0.9	0.1	5.92656e-09

0.905	-0.1	3.38669e-11
0.905	-0.095	7.20236e-11
0.905	-0.09	1.48565e-10
0.905	-0.085	2.97238e-10
0.905	-0.08	5.76812e-10
0.905	-0.075	1.0857e-09
0.905	-0.07	1.9821e-09
0.905	-0.065	3.50983e-09
0.905	-0.06	6.02823e-09
0.905	-0.055	1.00424e-08
0.905	-0.05	1.62267e-08
0.905	-0.045	2.5431e-08
0.905	-0.04	3.86583e-08
0.905	-0.035	5.69987e-08
0.905	-0.03	8.15136e-08
0.905	-0.025	1.13068e-07
0.905	-0.02	1.52122e-07
0.905	-0.015	1.98513e-07
0.905	-0.01	2.51263e-07
0.905	-0.005	3.08469e-07
0.905	0	3.67315e-07
0.905	0.005	4.24237e-07
0.905	0.01	4.75251e-07
0.905	0.015	5.16393e-07
0.905	0.02	5.44229e-07
0.905	0.025	5.56322e-07
0.905	0.03	5.51587e-07
0.905	0.035	5.30452e-07
0.905	0.04	4.9479e-07
0.905	0.045	4.47652e-07
0.905	0.05	3.92828e-07
0.905	0.055	3.34355e-07
0.905	0.06	2.76031e-07
0.905	0.065	2.2103e-07
0.905	0.07	1.71667e-07
0.905	0.075	1.29321e-07
0.905	0.08	9.44912e-08
0.905	0.085	6.69667e-08
0.905	0.09	4.6033e-08
0.905	0.095	3.06919e-08
0.905	0.1	1.98482e-08

0.91	-0.1	1.12229e-10
0.91	-0.095	2.36708e-10
0.91	-0.09	4.84407e-10
0.91	-0.085	9.61825e-10
0.91	-0.08	1.85298e-09
0.91	-0.075	3.46365e-09
0.91	-0.07	6.28183e-09
0.91	-0.065	1.10542e-08
0.91	-0.06	1.88737e-08
0.91	-0.055	3.12663e-08
0.91	-0.05	5.02555e-08
0.91	-0.045	7.83755e-08
0.91	-0.04	1.18595e-07
0.91	-0.035	1.74116e-07
0.91	-0.03	2.48029e-07
0.91	-0.025	3.42811e-07
0.91	-0.02	4.59722e-07
0.91	-0.015	5.9817e-07
0.91	-0.01	7.55167e-07
0.91	-0.005	9.25017e-07
0.91	0	1.09937e-06
0.91	0.005	1.26774e-06
0.91	0.01	1.41842e-06
0.91	0.015	1.53981e-06
0.91	0.02	1.62188e-06
0.91	0.025	1.65752e-06
0.91	0.03	1.64356e-06
0.91	0.035	1.58126e-06
0.91	0.04	1.47608e-06
0.91	0.045	1.33692e-06
0.91	0.05	1.17487e-06
0.91	0.055	1.00176e-06
0.91	0.06	8.28753e-07
0.91	0.065	6.65236e-07
0.91	0.07	5.18102e-07
0.91	0.075	3.91511e-07
0.91	0.08	2.87052e-07
0.91	0.085	2.04205e-07
0.91	0.09	1.40949e-07
0.91	0.095	9.43942e-08
0.91	0.1	6.13363e-08

0.915	-0.1	3.43494e-10
0.915	-0.095	7.18613e-10
0.915	-0.09	1.45916e-09
0.915	-0.085	2.87569e-09
0.915	-0.08	5.50063e-09
0.915	-0.075	1.02121e-08
0.915	-0.07	1.84013e-08
0.915	-0.065	3.21822e-08
0.915	-0.06	5.46278e-08
0.915	-0.055	9.00001e-08
0.915	-0.05	1.43914e-07
0.915	-0.045	2.23356e-07
0.915	-0.04	3.36451e-07
0.915	-0.035	4.91902e-07
0.915	-0.03	6.98018e-07
0.915	-0.025	9.61361e-07
0.915	-0.02	1.2851e-06
0.915	-0.015	1.66733e-06
0.915	-0.01	2.0996e-06
0.915	-0.005	2.56616e-06
0.915	0	3.04412e-06
0.915	0.005	3.50487e-06
0.915	0.01	3.91664e-06
0.915	0.015	4.24803e-06
0.915	0.02	4.47191e-06
0.915	0.025	4.5691e-06
0.915	0.03	4.53105e-06
0.915	0.035	4.36114e-06
0.915	0.04	4.0741e-06
0.915	0.045	3.69399e-06
0.915	0.05	3.25081e-06
0.915	0.055	2.77664e-06
0.915	0.06	2.30186e-06
0.915	0.065	1.85212e-06
0.915	0.07	1.44641e-06
0.915	0.075	1.09634e-06
0.915	0.08	8.06553e-07
0.915	0.085	5.75905e-07
0.915	0.09	3.99117e-07
0.915	0.095	2.68461e-07
0.915	0.1	1.75265e-07

0.92	-0.1	9.72992e-10
0.92	-0.095	2.01934e-09
0.92	-0.09	4.06896e-09
0.92	-0.085	7.96028e-09
0.92	-0.08	1.51198e-08
0.92	-0.075	2.78828e-08
0.92	-0.07	4.99227e-08
0.92	-0.065	8.67825e-08
0.92	-0.06	1.46467e-07
0.92	-0.055	2.40004e-07
0.92	-0.05	3.8183e-07
0.92	-0.045	5.89784e-07
0.92	-0.04	8.84483e-07
0.92	-0.035	1.28783e-06
0.92	-0.03	1.82053e-06
0.92	-0.025	2.49868e-06
0.92	-0.02	3.32963e-06
0.92	-0.015	4.30778e-06
0.92	-0.01	5.41108e-06
0.92	-0.005	6.59912e-06
0.92	0	7.81376e-06
0.92	0.005	8.9827e-06
0.92	0.01	1.0026e-05
0.92	0.015	1.08647e-05
0.92	0.02	1.14309e-05
0.92	0.025	1.16766e-05
0.92	0.03	1.15804e-05
0.92	0.035	1.11508e-05
0.92	0.04	1.04246e-05
0.92	0.045	9.46202e-06
0.92	0.05	8.33837e-06
0.92	0.055	7.13429e-06
0.92	0.06	5.92643e-06
0.92	0.065	4.77977e-06
0.92	0.07	3.74278e-06
0.92	0.075	2.84546e-06
0.92	0.08	2.10031e-06
0.92	0.085	1.50518e-06
0.92	0.09	1.04728e-06
0.92	0.095	7.07476e-07
0.92	0.1	4.64015e-07

0.925	-0.1	2.55587e-09
0.925	-0.095	5.26284e-09
0.925	-0.09	1.05248e-08
0.925	-0.085	2.04416e-08
0.925	-0.08	3.85593e-08
0.925	-0.075	7.06405e-08
0.925	-0.07	1.25686e-07
0.925	-0.065	2.17187e-07
0.925	-0.06	3.64494e-07
0.925	-0.055	5.94096e-07
0.925	-0.05	9.40446e-07
0.925	-0.045	1.44585e-06
0.925	-0.04	2.15884e-06
0.925	-0.035	3.13061e-06
0.925	-0.03	4.40909e-06
0.925	-0.025	6.03086e-06
0.925	-0.02	8.01162e-06
0.925	-0.015	1.03365e-05
0.925	-0.01	1.29519e-05
0.925	-0.005	1.57618e-05
0.925	0	1.8629e-05
0.925	0.005	2.13837e-05
0.925	0.01	2.3839e-05
0.925	0.015	2.58109e-05
0.925	0.02	2.71412e-05
0.925	0.025	2.77182e-05
0.925	0.03	2.74924e-05
0.925	0.035	2.64832e-05
0.925	0.04	2.47764e-05
0.925	0.045	2.25122e-05
0.925	0.05	1.98658e-05
0.925	0.055	1.70258e-05
0.925	0.06	1.41715e-05
0.925	0.065	1.14561e-05
0.925	0.07	8.99436e-06
0.925	0.075	6.85824e-06
0.925	0.08	5.07885e-06
0.925	0.085	3.65283e-06
0.925	0.09	2.55155e-06
0.925	0.095	1.73097e-06
0.925	0.1	1.14047e-06

0.93	-0.1	6.23802e-09
0.93	-0.095	1.27457e-08
0.93	-0.09	2.53005e-08
0.93	-0.085	4.87911e-08
0.93	-0.08	9.1411e-08
0.93	-0.075	1.66381e-07
0.93	-0.07	2.94208e-07
0.93	-0.065	5.0542e-07
0.93	-0.06	8.43524e-07
0.93	-0.055	1.36769e-06
0.93	-0.05	2.1544e-06
0.93	-0.045	3.29694e-06
0.93	-0.04	4.90166e-06
0.93	-0.035	7.0798e-06
0.93	-0.03	9.9345e-06
0.93	-0.025	1.35431e-05
0.93	-0.02	1.79364e-05
0.93	-0.015	2.30781e-05
0.93	-0.01	2.88478e-05
0.93	-0.005	3.50325e-05
0.93	0	4.1331e-05
0.93	0.005	4.73726e-05
0.93	0.01	5.27504e-05
0.93	0.015	5.70651e-05
0.93	0.02	5.99739e-05
0.93	0.025	6.12351e-05
0.93	0.03	6.07415e-05
0.93	0.035	5.85353e-05
0.93	0.04	5.48019e-05
0.93	0.045	4.98449e-05
0.93	0.05	4.40446e-05
0.93	0.055	3.78104e-05
0.93	0.06	3.15338e-05
0.93	0.065	2.55499e-05
0.93	0.07	2.01116e-05
0.93	0.075	1.53799e-05
0.93	0.08	1.14263e-05
0.93	0.085	8.24713e-06
0.93	0.09	5.78293e-06
0.93	0.095	3.93949e-06
0.93	0.1	2.60723e-06

0.935	-0.1	1.41726e-08
0.935	-0.095	2.8738e-08
0.935	-0.09	5.66298e-08
0.935	-0.085	1.08446e-07
0.935	-0.08	2.0182e-07
0.935	-0.075	3.65001e-07
0.935	-0.07	6.41512e-07
0.935	-0.065	1.09571e-06
0.935	-0.06	1.81873e-06
0.935	-0.055	2.93374e-06
0.935	-0.05	4.5989e-06
0.935	-0.045	7.00597e-06
0.935	-0.04	1.0372e-05
0.935	-0.035	1.49224e-05
0.935	-0.03	2.08638e-05
0.935	-0.025	2.83484e-05
0.935	-0.02	3.74322e-05
0.935	-0.015	4.80334e-05
0.935	-0.01	5.98992e-05
0.935	-0.005	7.25904e-05
0.935	0	8.54906e-05
0.935	0.005	9.78449e-05
0.935	0.01	0.000108827
0.935	0.015	0.00011763
0.935	0.02	0.000123561
0.935	0.025	0.000126131
0.935	0.03	0.000125125
0.935	0.035	0.000120628
0.935	0.04	0.000113014
0.935	0.045	0.000102895
0.935	0.05	9.10418e-05
0.935	0.055	7.82828e-05
0.935	0.06	6.54143e-05
0.935	0.065	5.31202e-05
0.935	0.07	4.19205e-05
0.935	0.075	3.21495e-05
0.935	0.08	2.39609e-05
0.935	0.085	1.73545e-05
0.935	0.09	1.22152e-05
0.935	0.095	8.35548e-06
0.935	0.1	5.55421e-06

0.94	-0.1	3.00288e-08
0.94	-0.095	6.0435e-08
0.94	-0.09	1.18236e-07
0.94	-0.085	2.24867e-07
0.94	-0.08	4.15733e-07
0.94	-0.075	7.47161e-07
0.94	-0.07	1.30535e-06
0.94	-0.065	2.21693e-06
0.94	-0.06	3.66006e-06
0.94	-0.055	5.87405e-06
0.94	-0.05	9.1643e-06
0.94	-0.045	1.38987e-05
0.94	-0.04	2.04909e-05
0.94	-0.035	2.9367e-05
0.94	-0.03	4.09138e-05
0.94	-0.025	5.54107e-05
0.94	-0.02	7.29507e-05
0.94	-0.015	9.33636e-05
0.94	-0.01	0.000116155
0.94	-0.005	0.000140479
0.94	0	0.000165157
0.94	0.005	0.000188753
0.94	0.01	0.000209703
0.94	0.015	0.000226478
0.94	0.02	0.000237772
0.94	0.025	0.000242666
0.94	0.03	0.000240751
0.94	0.035	0.000232188
0.94	0.04	0.000217683
0.94	0.045	0.00019839
0.94	0.05	0.000175764
0.94	0.055	0.000151374
0.94	0.06	0.000126731
0.94	0.065	0.000103141
0.94	0.07	8.15997e-05
0.94	0.075	6.27566e-05
0.94	0.08	4.69183e-05
0.94	0.085	3.40987e-05
0.94	0.09	2.40905e-05
0.94	0.095	1.6545e-05
0.94	0.1	1.10458e-05

0.945	-0.1	5.94407e-08
0.945	-0.095	1.18749e-07
0.945	-0.09	2.30683e-07
0.945	-0.085	4.35757e-07
0.945	-0.08	8.00415e-07
0.945	-0.075	1.42965e-06
0.945	-0.07	2.48304e-06
0.945	-0.065	4.19354e-06
0.945	-0.06	6.88683e-06
0.945	-0.055	1.09977e-05
0.945	-0.05	1.70775e-05
0.945	-0.045	2.57863e-05
0.945	-0.04	3.78613e-05
0.945	-0.035	5.40562e-05
0.945	-0.03	7.50475e-05
0.945	-0.025	0.000101314
0.945	-0.02	0.000132998
0.945	-0.015	0.000169771
0.945	-0.01	0.000210728
0.945	-0.005	0.000254345
0.945	0	0.000298516
0.945	0.005	0.000340685
0.945	0.01	0.000378077
0.945	0.015	0.00040799
0.945	0.02	0.000428116
0.945	0.025	0.000436833
0.945	0.03	0.000433422
0.945	0.035	0.000418166
0.945	0.04	0.000392309
0.945	0.045	0.000357891
0.945	0.05	0.000317479
0.945	0.055	0.000273855
0.945	0.06	0.000229704
0.945	0.065	0.000187352
0.945	0.07	0.00014859
0.945	0.075	0.000114595
0.945	0.08	8.59372e-05
0.945	0.085	6.2667e-05
0.945	0.09	4.44365e-05
0.945	0.095	3.06395e-05
0.945	0.1	2.05431e-05

0.95	-0.1	1.10112e-07
0.95	-0.095	2.18386e-07
0.95	-0.09	4.21293e-07
0.95	-0.085	7.90521e-07
0.95	-0.08	1.44282e-06
0.95	-0.075	2.56142e-06
0.95	-0.07	4.42301e-06
0.95	-0.065	7.42892e-06
0.95	-0.06	1.21368e-05
0.95	-0.055	1.92863e-05
0.95	-0.05	2.98103e-05
0.95	-0.045	4.4818e-05
0.95	-0.04	6.55403e-05
0.95	-0.035	9.32254e-05
0.95	-0.03	0.000128982
0.95	-0.025	0.000173578
0.95	-0.02	0.000227211
0.95	-0.015	0.00028929
0.95	-0.01	0.000358268
0.95	-0.005	0.00043157
0.95	0	0.000505667
0.95	0.005	0.000576299
0.95	0.01	0.000638853
0.95	0.015	0.000688848
0.95	0.02	0.000722463
0.95	0.025	0.000737016
0.95	0.03	0.000731322
0.95	0.035	0.000705846
0.95	0.04	0.000662645
0.95	0.045	0.000605092
0.95	0.05	0.000537442
0.95	0.055	0.000464314
0.95	0.06	0.000390176
0.95	0.065	0.000318919
0.95	0.07	0.000253553
0.95	0.075	0.000196078
0.95	0.08	0.000147488
0.95	0.085	0.000107908
0.95	0.09	7.67931e-05
0.95	0.095	5.31569e-05
0.95	0.1	3.57904e-05

0.955	-0.1	1.91215e-07
0.955	-0.095	3.76535e-07
0.955	-0.09	7.21413e-07
0.955	-0.085	1.3448e-06
0.955	-0.08	2.43909e-06
0.955	-0.075	4.3042e-06
0.955	-0.07	7.39014e-06
0.955	-0.065	1.23455e-05
0.955	-0.06	2.00659e-05
0.955	-0.055	3.17326e-05
0.955	-0.05	4.88255e-05
0.955	-0.045	7.30943e-05
0.955	-0.04	0.000106467
0.955	-0.035	0.000150884
0.955	-0.03	0.000208049
0.955	-0.025	0.000279116
0.955	-0.02	0.000364332
0.955	-0.015	0.000462708
0.955	-0.01	0.000571756
0.955	-0.005	0.000687401
0.955	0	0.00080409
0.955	0.005	0.000915156
0.955	0.01	0.0010134
0.955	0.015	0.00109185
0.955	0.02	0.00114456
0.955	0.025	0.00116737
0.955	0.03	0.00115844
0.955	0.035	0.0011185
0.955	0.04	0.00105074
0.955	0.045	0.000960389
0.955	0.05	0.000854073
0.955	0.055	0.00073899
0.955	0.06	0.000622124
0.955	0.065	0.000509578
0.955	0.07	0.000406107
0.955	0.075	0.000314894
0.955	0.08	0.000237566
0.955	0.085	0.000174381
0.955	0.09	0.000124541
0.955	0.095	8.65399e-05
0.955	0.1	5.85083e-05

0.96	-0.1	3.1178e-07
0.96	-0.095	6.09641e-07
0.96	-0.09	1.16016e-06
0.96	-0.085	2.14874e-06
0.96	-0.08	3.87317e-06
0.96	-0.075	6.79467e-06
0.96	-0.07	1.16008e-05
0.96	-0.065	1.92766e-05
0.96	-0.06	3.11738e-05
0.96	-0.055	4.90645e-05
0.96	-0.05	7.51561e-05
0.96	-0.045	0.000112042
0.96	-0.04	0.000162561
0.96	-0.035	0.000229546
0.96	-0.03	0.000315459
0.96	-0.025	0.000421925
0.96	-0.02	0.000549221
0.96	-0.015	0.000695788
0.96	-0.01	0.00085788
0.96	-0.005	0.00102942
0.96	0	0.00120221
0.96	0.005	0.00136643
0.96	0.01	0.00151152
0.96	0.015	0.00162726
0.96	0.02	0.00170499
0.96	0.025	0.00173861
0.96	0.03	0.00172546
0.96	0.035	0.00166658
0.96	0.04	0.00156662
0.96	0.045	0.00143325
0.96	0.05	0.00127614
0.96	0.055	0.00110585
0.96	0.06	0.000932635
0.96	0.065	0.000765502
0.96	0.07	0.000611504
0.96	0.075	0.000475414
0.96	0.08	0.000359719
0.96	0.085	0.000264895
0.96	0.09	0.000189847
0.96	0.095	0.000132419
0.96	0.1	8.98916e-05

0.965	-0.1	4.78083e-07
0.965	-0.095	9.28366e-07
0.965	-0.09	1.755e-06
0.965	-0.085	3.22979e-06
0.965	-0.08	5.78645e-06
0.965	-0.075	1.00923e-05
0.965	-0.07	1.71361e-05
0.965	-0.065	2.83251e-05
0.965	-0.06	4.55799e-05
0.965	-0.055	7.14029e-05
0.965	-0.05	0.000108893
0.965	-0.045	0.000161667
0.965	-0.04	0.000233661
0.965	-0.035	0.00032877
0.965	-0.03	0.000450338
0.965	-0.025	0.000600517
0.965	-0.02	0.000779566
0.965	-0.015	0.000985193
0.965	-0.01	0.00121208
0.965	-0.005	0.00145171
0.965	0	0.00169267
0.965	0.005	0.00192133
0.965	0.01	0.00212312
0.965	0.015	0.00228396
0.965	0.02	0.0023919
0.965	0.025	0.00243858
0.965	0.03	0.00242032
0.965	0.035	0.00233856
0.965	0.04	0.00219971
0.965	0.045	0.0020143
0.965	0.05	0.00179565
0.965	0.055	0.00155834
0.965	0.06	0.00131656
0.965	0.065	0.00108283
0.965	0.07	0.000867009
0.965	0.075	0.000675812
0.965	0.08	0.000512825
0.965	0.085	0.000378838
0.965	0.09	0.000272444
0.965	0.095	0.000190741
0.965	0.1	0.000130002

0.97	-0.1	6.90489e-07
0.97	-0.095	1.33171e-06
0.97	-0.09	2.50105e-06
0.97	-0.085	4.574e-06
0.97	-0.08	8.14574e-06
0.97	-0.075	1.41262e-05
0.97	-0.07	2.38551e-05
0.97	-0.065	3.92281e-05
0.97	-0.06	6.28166e-05
0.97	-0.055	9.79518e-05
0.97	-0.05	0.000148734
0.97	-0.045	0.000219923
0.97	-0.04	0.000316657
0.97	-0.035	0.000443986
0.97	-0.03	0.000606193
0.97	-0.025	0.000805958
0.97	-0.02	0.00104346
0.97	-0.015	0.00131552
0.97	-0.01	0.00161503
0.97	-0.005	0.00193075
0.97	0	0.00224766
0.97	0.005	0.00254798
0.97	0.01	0.0028127
0.97	0.015	0.0030235
0.97	0.02	0.00316488
0.97	0.025	0.00322601
0.97	0.03	0.0032021
0.97	0.035	0.00309503
0.97	0.04	0.0029131
0.97	0.045	0.00266997
0.97	0.05	0.00238296
0.97	0.055	0.00207105
0.97	0.06	0.00175276
0.97	0.065	0.0014445
0.97	0.07	0.00115923
0.97	0.075	0.000905911
0.97	0.08	0.000689384
0.97	0.085	0.000510855
0.97	0.09	0.000368633
0.97	0.095	0.000259031
0.97	0.1	0.000177243

0.975	-0.1	9.40717e-07
0.975	-0.095	1.80216e-06
0.975	-0.09	3.36284e-06
0.975	-0.085	6.1122e-06
0.975	-0.08	1.0821e-05
0.975	-0.075	1.86602e-05
0.975	-0.07	3.13433e-05
0.975	-0.065	5.12804e-05
0.975	-0.06	8.17216e-05
0.975	-0.055	0.000126853
0.975	-0.05	0.000191798
0.975	-0.045	0.000282465
0.975	-0.04	0.000405196
0.975	-0.035	0.000566166
0.975	-0.03	0.00077055
0.975	-0.025	0.0010215
0.975	-0.02	0.00131902
0.975	-0.015	0.001659
0.975	-0.01	0.00203244
0.975	-0.005	0.00242532
0.975	0	0.00281902
0.975	0.005	0.00319159
0.975	0.01	0.00351961
0.975	0.015	0.0037806
0.975	0.02	0.00395553
0.975	0.025	0.00403114
0.975	0.03	0.00400157
0.975	0.035	0.00386911
0.975	0.04	0.00364394
0.975	0.045	0.00334279
0.975	0.05	0.00298693
0.975	0.055	0.00259969
0.975	0.06	0.00220392
0.975	0.065	0.0018199
0.975	0.07	0.0014638
0.975	0.075	0.00114681
0.975	0.08	0.000875145
0.975	0.085	0.000650501
0.975	0.09	0.000470971
0.975	0.095	0.000332139
0.975	0.1	0.000228152

0.98	-0.1	1.21072e-06
0.98	-0.095	2.30411e-06
0.98	-0.09	4.27227e-06
0.98	-0.085	7.71808e-06
0.98	-0.08	1.35848e-05
0.98	-0.075	2.32967e-05
0.98	-0.07	3.89252e-05
0.98	-0.065	6.33667e-05
0.98	-0.06	0.000100505
0.98	-0.055	0.000155313
0.98	-0.05	0.000233842
0.98	-0.045	0.00034303
0.98	-0.04	0.000490272
0.98	-0.035	0.000682712
0.98	-0.03	0.000926259
0.98	-0.025	0.0012244
0.98	-0.02	0.00157691
0.98	-0.015	0.00197873
0.98	-0.01	0.00241915
0.98	-0.005	0.00288159
0.98	0	0.00334424
0.98	0.005	0.00378144
0.98	0.01	0.00416593
0.98	0.015	0.00447158
0.98	0.02	0.00467634
0.98	0.025	0.00476481
0.98	0.03	0.00473021
0.98	0.035	0.0045752
0.98	0.04	0.00431156
0.98	0.045	0.00395871
0.98	0.05	0.00354134
0.98	0.055	0.00308658
0.98	0.06	0.00262109
0.98	0.065	0.00216861
0.98	0.07	0.00174814
0.98	0.075	0.00137298
0.98	0.08	0.00105063
0.98	0.085	0.0007833
0.98	0.09	0.000568987
0.98	0.095	0.00040269
0.98	0.1	0.000277674

0.985	-0.1	1.47409e-06
0.985	-0.095	2.78711e-06
0.985	-0.09	5.13563e-06
0.985	-0.085	9.22239e-06
0.985	-0.08	1.614e-05
0.985	-0.075	2.75278e-05
0.985	-0.07	4.57561e-05
0.985	-0.065	7.41201e-05
0.985	-0.06	0.000117013
0.985	-0.055	0.000180028
0.985	-0.05	0.000269932
0.985	-0.045	0.000394439
0.985	-0.04	0.000561713
0.985	-0.035	0.000779575
0.985	-0.03	0.00105441
0.985	-0.025	0.00138987
0.985	-0.02	0.00178545
0.985	-0.015	0.00223526
0.985	-0.01	0.00272722
0.985	-0.005	0.0032428
0.985	0	0.00375777
0.985	0.005	0.00424375
0.985	0.01	0.00467066
0.985	0.015	0.00500976
0.985	0.02	0.00523678
0.985	0.025	0.00533484
0.985	0.03	0.00529649
0.985	0.035	0.00512465
0.985	0.04	0.00483226
0.985	0.045	0.00444063
0.985	0.05	0.00397694
0.985	0.055	0.00347107
0.985	0.06	0.00295248
0.985	0.065	0.00244748
0.985	0.07	0.00197725
0.985	0.075	0.00155673
0.985	0.08	0.00119447
0.985	0.085	0.000893191
0.985	0.09	0.000650915
0.985	0.095	0.000462289
0.985	0.1	0.000319972

0.99	-0.1	1.7002e-06
0.99	-0.095	3.19407e-06
0.99	-0.09	5.84937e-06
0.99	-0.085	1.04423e-05
0.99	-0.08	1.81722e-05
0.99	-0.075	3.08276e-05
0.99	-0.07	5.09793e-05
0.99	-0.065	8.21808e-05
0.99	-0.06	0.000129143
0.99	-0.055	0.000197829
0.99	-0.05	0.000295416
0.99	-0.045	0.00043003
0.99	-0.04	0.00061022
0.99	-0.035	0.000844105
0.99	-0.03	0.00113823
0.99	-0.025	0.00149617
0.99	-0.02	0.00191716
0.99	-0.015	0.00239473
0.99	-0.01	0.00291593
0.99	-0.005	0.00346115
0.99	0	0.00400485
0.99	0.005	0.00451724
0.99	0.01	0.00496687
0.99	0.015	0.00532371
0.99	0.02	0.00556247
0.99	0.025	0.00566558
0.99	0.03	0.00562526
0.99	0.035	0.00544456
0.99	0.04	0.00513695
0.99	0.045	0.00472465
0.99	0.05	0.00423601
0.99	0.055	0.00370225
0.99	0.06	0.00315426
0.99	0.065	0.0026197
0.99	0.07	0.00212093
0.99	0.075	0.00167388
0.99	0.08	0.00128779
0.99	0.085	0.0009658
0.99	0.09	0.000706076
0.99	0.095	0.000503197
0.99	0.1	0.00034958

0.995	-0.1	1.86019e-06
0.995	-0.095	3.4726e-06
0.995	-0.09	6.321e-06
0.995	-0.085	1.12189e-05
0.995	-0.08	1.94155e-05
0.995	-0.075	3.27627e-05
0.995	-0.07	5.39069e-05
0.995	-0.065	8.64852e-05
0.995	-0.06	0.000135292
0.995	-0.055	0.000206365
0.995	-0.05	0.000306927
0.995	-0.045	0.000445108
0.995	-0.04	0.000629403
0.995	-0.035	0.000867813
0.995	-0.03	0.00116669
0.995	-0.025	0.0015294
0.995	-0.02	0.00195487
0.995	-0.015	0.00243639
0.995	-0.01	0.00296081
0.995	-0.005	0.00350838
0.995	0	0.00405356
0.995	0.005	0.00456667
0.995	0.01	0.00501645
0.995	0.015	0.00537311
0.995	0.02	0.00561163
0.995	0.025	0.00571459
0.995	0.03	0.00567432
0.995	0.035	0.00549385
0.995	0.04	0.00518648
0.995	0.045	0.00477421
0.995	0.05	0.00428513
0.995	0.055	0.00375024
0.995	0.06	0.00320028
0.995	0.065	0.00266287
0.995	0.07	0.00216046
0.995	0.075	0.00170912
0.995	0.08	0.00131836
0.995	0.085	0.000991586
0.995	0.09	0.000727208
0.995	0.095	0.00052002
0.995	0.1	0.000362589

1	-0.1	1.93312e-06
1	-0.095	3.58635e-06
1	-0.09	6.48918e-06
1	-0.085	1.14517e-05
1	-0.08	1.97102e-05
1	-0.075	3.30868e-05
1	-0.07	5.41705e-05
1	-0.065	8.64993e-05
1	-0.06	0.000134712
1	-0.055	0.000204616
1	-0.05	0.000303122
1	-0.045	0.000437964
1	-0.04	0.000617165
1	-0.035	0.000848216
1	-0.03	0.00113699
1	-0.025	0.00148643
1	-0.02	0.00189531
1	-0.015	0.00235698
1	-0.01	0.00285874
1	-0.005	0.00338171
1	0	0.00390158
1	0.005	0.00439023
1	0.01	0.0048181
1	0.015	0.00515713
1	0.02	0.00538373
1	0.025	0.00548151
1	0.03	0.00544327
1	0.035	0.00527185
1	0.04	0.00497975
1	0.045	0.00458771
1	0.05	0.00412217
1	0.055	0.00361243
1	0.06	0.00308756
1	0.065	0.00257379
1	0.07	0.00209254
1	0.075	0.00165927
1	0.08	0.00128323
1	0.085	0.000967907
1	0.09	0.000712041
1	0.095	0.000510881
1	0.1	0.0003575

1.005	-0.1	1.91056e-06
1.005	-0.095	3.52282e-06
1.005	-0.09	6.33681e-06
1.005	-0.085	1.11199e-05
1.005	-0.08	1.90363e-05
1.005	-0.075	3.17917e-05
1.005	-0.07	5.1796e-05
1.005	-0.065	8.23244e-05
1.005	-0.06	0.000127647
1.005	-0.055	0.000193083
1.005	-0.05	0.000284924
1.005	-0.045	0.000410169
1.005	-0.04	0.000576033
1.005	-0.035	0.000789191
1.005	-0.03	0.00105479
1.005	-0.025	0.00137532
1.005	-0.02	0.0017494
1.005	-0.015	0.00217083
1.005	-0.01	0.00262792
1.005	-0.005	0.00310349
1.005	0	0.00357551
1.005	0.005	0.00401861
1.005	0.01	0.0044062
1.005	0.015	0.00471306
1.005	0.02	0.00491804
1.005	0.025	0.00500647
1.005	0.03	0.0049719
1.005	0.035	0.00481684
1.005	0.04	0.00455254
1.005	0.045	0.00419754
1.005	0.05	0.0037756
1.005	0.055	0.00331305
1.005	0.06	0.0028361
1.005	0.065	0.00236845
1.005	0.07	0.00192956
1.005	0.075	0.00153356
1.005	0.08	0.00118904
1.005	0.085	0.000899373
1.005	0.09	0.000663643
1.005	0.095	0.000477727
1.005	0.1	0.000335487

1.01	-0.1	1.79803e-06
1.01	-0.095	3.29535e-06
1.01	-0.09	5.89338e-06
1.01	-0.085	1.02845e-05
1.01	-0.08	1.75129e-05
1.01	-0.075	2.90998e-05
1.01	-0.07	4.71822e-05
1.01	-0.065	7.46489e-05
1.01	-0.06	0.000115246
1.01	-0.055	0.000173613
1.01	-0.05	0.00025521
1.01	-0.045	0.000366074
1.01	-0.04	0.000512386
1.01	-0.035	0.000699812
1.01	-0.03	0.000932658
1.01	-0.025	0.00121289
1.01	-0.02	0.00153913
1.01	-0.015	0.00190583
1.01	-0.01	0.00230278
1.01	-0.005	0.00271504
1.01	0	0.00312361
1.01	0.005	0.00350666
1.01	0.01	0.00384138
1.01	0.015	0.00410617
1.01	0.02	0.00428296
1.01	0.025	0.0043592
1.01	0.03	0.00432939
1.01	0.035	0.00419569
1.01	0.04	0.00396768
1.01	0.045	0.00366122
1.01	0.05	0.00329664
1.01	0.055	0.00289651
1.01	0.06	0.00248333
1.01	0.065	0.00207754
1.01	0.07	0.00169599
1.01	0.075	0.00135099
1.01	0.08	0.00105011
1.01	0.085	0.000796487
1.01	0.09	0.000589491
1.01	0.095	0.000425729
1.01	0.1	0.000300016

1.015	-0.1	1.61321e-06
1.015	-0.095	2.93908e-06
1.015	-0.09	5.22628e-06
1.015	-0.085	9.07058e-06
1.015	-0.08	1.53652e-05
1.015	-0.075	2.5404e-05
1.015	-0.07	4.09948e-05
1.015	-0.065	6.45677e-05
1.015	-0.06	9.92575e-05
1.015	-0.055	0.000148927
1.015	-0.05	0.000218094
1.015	-0.045	0.000311727
1.015	-0.04	0.000434878
1.015	-0.035	0.000592135
1.015	-0.03	0.00078693
1.015	-0.025	0.00102073
1.015	-0.02	0.00129226
1.015	-0.015	0.00159679
1.015	-0.01	0.00192578
1.015	-0.005	0.00226688
1.015	0	0.00260442
1.015	0.005	0.00292048
1.015	0.01	0.00319638
1.015	0.015	0.00341448
1.015	0.02	0.00356001
1.015	0.025	0.00362275
1.015	0.03	0.00359822
1.015	0.035	0.00348817
1.015	0.04	0.00330042
1.015	0.045	0.00304791
1.015	0.05	0.00274724
1.015	0.055	0.00241686
1.015	0.06	0.00207524
1.015	0.065	0.00173918
1.015	0.07	0.0014226
1.015	0.075	0.00113575
1.015	0.08	0.000885001
1.015	0.085	0.000673079
1.015	0.09	0.000499631
1.015	0.095	0.000361987
1.015	0.1	0.000255976

1.02	-0.1	1.38152e-06
1.02	-0.095	2.50223e-06
1.02	-0.09	4.4245e-06
1.02	-0.085	7.63773e-06
1.02	-0.08	1.28715e-05
1.02	-0.075	2.11767e-05
1.02	-0.07	3.40135e-05
1.02	-0.065	5.33345e-05
1.02	-0.06	8.16451e-05
1.02	-0.055	0.000122016
1.02	-0.05	0.000178019
1.02	-0.045	0.00025356
1.02	-0.04	0.000352581
1.02	-0.035	0.000478632
1.02	-0.03	0.00063432
1.02	-0.025	0.000820692
1.02	-0.02	0.00103661
1.02	-0.015	0.00127825
1.02	-0.01	0.00153879
1.02	-0.005	0.00180846
1.02	0	0.00207491
1.02	0.005	0.00232411
1.02	0.01	0.00254143
1.02	0.015	0.00271308
1.02	0.02	0.00282757
1.02	0.025	0.00287691
1.02	0.03	0.00285762
1.02	0.035	0.00277107
1.02	0.04	0.00262333
1.02	0.045	0.00242451
1.02	0.05	0.00218755
1.02	0.055	0.0019269
1.02	0.06	0.001657
1.02	0.065	0.00139107
1.02	0.07	0.0011401
1.02	0.075	0.000912215
1.02	0.08	0.000712554
1.02	0.085	0.000543378
1.02	0.09	0.000404531
1.02	0.095	0.000294012
1.02	0.1	0.000208613

1.025	-0.1	1.13053e-06
1.025	-0.095	2.03584e-06
1.025	-0.09	3.57991e-06
1.025	-0.085	6.14702e-06
1.025	-0.08	1.03068e-05
1.025	-0.075	1.68751e-05
1.025	-0.07	2.69797e-05
1.025	-0.065	4.21205e-05
1.025	-0.06	6.4212e-05
1.025	-0.055	9.55881e-05
1.025	-0.05	0.00013895
1.025	-0.045	0.000197232
1.025	-0.04	0.000273377
1.025	-0.035	0.000370009
1.025	-0.03	0.000489023
1.025	-0.025	0.00063112
1.025	-0.02	0.000795354
1.025	-0.015	0.000978756
1.025	-0.01	0.00117613
1.025	-0.005	0.00138007
1.025	0	0.00158129
1.025	0.005	0.00176925
1.025	0.01	0.001933
1.025	0.015	0.00206225
1.025	0.02	0.0021484
1.025	0.025	0.00218553
1.025	0.03	0.00217102
1.025	0.035	0.00210589
1.025	0.04	0.00199468
1.025	0.045	0.00184492
1.025	0.05	0.00166628
1.025	0.055	0.00146954
1.025	0.06	0.00126556
1.025	0.065	0.00106427
1.025	0.07	0.000873944
1.025	0.075	0.000700781
1.025	0.08	0.000548715
1.025	0.085	0.000419544
1.025	0.09	0.000313237
1.025	0.095	0.000228368
1.025	0.1	0.000162578

1.03	-0.1	8.85029e-07
1.03	-0.095	1.58469e-06
1.03	-0.09	2.77139e-06
1.03	-0.085	4.73387e-06
1.03	-0.08	7.89771e-06
1.03	-0.075	1.28692e-05
1.03	-0.07	2.04818e-05
1.03	-0.065	3.18384e-05
1.03	-0.06	4.83392e-05
1.03	-0.055	7.16826e-05
1.03	-0.05	0.000103823
1.03	-0.045	0.000146872
1.03	-0.04	0.000202932
1.03	-0.035	0.000273861
1.03	-0.03	0.000360972
1.03	-0.025	0.000464711
1.03	-0.02	0.00058433
1.03	-0.015	0.000717628
1.03	-0.01	0.000860809
1.03	-0.005	0.00100851
1.03	0	0.00115404
1.03	0.005	0.00128981
1.03	0.01	0.00140798
1.03	0.015	0.00150118
1.03	0.02	0.00156327
1.03	0.025	0.00159002
1.03	0.03	0.00157956
1.03	0.035	0.00153263
1.03	0.04	0.00145246
1.03	0.045	0.00134442
1.03	0.05	0.00121544
1.03	0.055	0.00107324
1.03	0.06	0.00092561
1.03	0.065	0.000779693
1.03	0.07	0.000641483
1.03	0.075	0.000515481
1.03	0.08	0.000404582
1.03	0.085	0.000310146
1.03	0.09	0.000232215
1.03	0.095	0.000169817
1.03	0.1	0.000121294

1.035	-0.1	6.63512e-07
1.035	-0.095	1.1814e-06
1.035	-0.09	2.055e-06
1.035	-0.085	3.49212e-06
1.035	-0.08	5.79737e-06
1.035	-0.075	9.40238e-06
1.035	-0.07	1.48974e-05
1.035	-0.065	2.30592e-05
1.035	-0.06	3.48695e-05
1.035	-0.055	5.15122e-05
1.035	-0.05	7.4343e-05
1.035	-0.045	0.000104818
1.035	-0.04	0.000144375
1.035	-0.035	0.000194274
1.035	-0.03	0.00025539
1.035	-0.025	0.000327986
1.035	-0.02	0.000411502
1.035	-0.015	0.000504375
1.035	-0.01	0.000603947
1.035	-0.005	0.000706495
1.035	0	0.000807392
1.035	0.005	0.000901413
1.035	0.01	0.000983168
1.035	0.015	0.0010476
1.035	0.02	0.00109051
1.035	0.025	0.00110899
1.035	0.03	0.00110176
1.035	0.035	0.00106934
1.035	0.04	0.00101393
1.035	0.045	0.000939208
1.035	0.05	0.000849928
1.035	0.055	0.000751393
1.035	0.06	0.000648958
1.035	0.065	0.000547558
1.035	0.07	0.000451345
1.035	0.075	0.000363456
1.035	0.08	0.000285929
1.035	0.085	0.000219751
1.035	0.09	0.000164994
1.035	0.095	0.000121023
1.035	0.1	8.67229e-05

1.04	-0.1	4.76887e-07
1.04	-0.095	8.44425e-07
1.04	-0.09	1.46106e-06
1.04	-0.085	2.47023e-06
1.04	-0.08	4.08101e-06
1.04	-0.075	6.5881e-06
1.04	-0.07	1.03924e-05
1.04	-0.065	1.60188e-05
1.04	-0.06	2.41272e-05
1.04	-0.055	3.55097e-05
1.04	-0.05	5.10679e-05
1.04	-0.045	7.17647e-05
1.04	-0.04	9.85453e-05
1.04	-0.035	0.000132228
1.04	-0.03	0.000173369
1.04	-0.025	0.000222116
1.04	-0.02	0.000278069
1.04	-0.015	0.000340162
1.04	-0.01	0.000406612
1.04	-0.005	0.000474939
1.04	0	0.000542071
1.04	0.005	0.000604557
1.04	0.01	0.000658839
1.04	0.015	0.00070159
1.04	0.02	0.000730044
1.04	0.025	0.000742295
1.04	0.03	0.000737506
1.04	0.035	0.000716006
1.04	0.04	0.00067925
1.04	0.045	0.000629657
1.04	0.05	0.000570349
1.04	0.055	0.000504822
1.04	0.06	0.000436615
1.04	0.065	0.000368995
1.04	0.07	0.000304722
1.04	0.075	0.000245894
1.04	0.08	0.00019389
1.04	0.085	0.000149391
1.04	0.09	0.000112475
1.04	0.095	8.27459e-05
1.04	0.1	5.9484e-05

1.045	-0.1	3.2893e-07
1.045	-0.095	5.79269e-07
1.045	-0.09	9.97043e-07
1.045	-0.085	1.67728e-06
1.045	-0.08	2.75775e-06
1.045	-0.075	4.43161e-06
1.045	-0.07	6.96027e-06
1.045	-0.065	1.06843e-05
1.045	-0.06	1.60298e-05
1.045	-0.055	2.35052e-05
1.045	-0.05	3.36868e-05
1.045	-0.045	4.71858e-05
1.045	-0.04	6.45983e-05
1.045	-0.035	8.64348e-05
1.045	-0.03	0.000113035
1.045	-0.025	0.000144476
1.045	-0.02	0.000180483
1.045	-0.015	0.000220361
1.045	-0.01	0.00026296
1.045	-0.005	0.000306692
1.045	0	0.000349602
1.045	0.005	0.000389495
1.045	0.01	0.000424119
1.045	0.015	0.000451368
1.045	0.02	0.000469496
1.045	0.025	0.000477299
1.045	0.03	0.000474249
1.045	0.035	0.000460554
1.045	0.04	0.000437131
1.045	0.045	0.000405509
1.045	0.05	0.00036766
1.045	0.055	0.0003258
1.045	0.06	0.000282171
1.045	0.065	0.000238854
1.045	0.07	0.00019761
1.045	0.075	0.000159788
1.045	0.08	0.00012628
1.045	0.085	9.75405e-05
1.045	0.09	7.36363e-05
1.045	0.095	5.43321e-05
1.045	0.1	3.91813e-05

1.05	-0.1	2.17945e-07
1.05	-0.095	3.81758e-07
1.05	-0.09	6.53705e-07
1.05	-0.085	1.09428e-06
1.05	-0.08	1.79071e-06
1.05	-0.075	2.86467e-06
1.05	-0.07	4.47998e-06
1.05	-0.065	6.84903e-06
1.05	-0.06	1.02361e-05
1.05	-0.055	1.49552e-05
1.05	-0.05	2.13601e-05
1.05	-0.045	2.98239e-05
1.05	-0.04	4.07078e-05
1.05	-0.035	5.4318e-05
1.05	-0.03	7.08536e-05
1.05	-0.025	9.03508e-05
1.05	-0.02	0.00011263
1.05	-0.015	0.000137255
1.05	-0.01	0.000163514
1.05	-0.005	0.000190429
1.05	0	0.000216802
1.05	0.005	0.000241293
1.05	0.01	0.00026253
1.05	0.015	0.000279232
1.05	0.02	0.000290338
1.05	0.025	0.000295117
1.05	0.03	0.00029325
1.05	0.035	0.00028486
1.05	0.04	0.000270507
1.05	0.045	0.000251118
1.05	0.05	0.000227891
1.05	0.055	0.000202177
1.05	0.06	0.000175342
1.05	0.065	0.00014866
1.05	0.07	0.000123212
1.05	0.075	9.98304e-05
1.05	0.08	7.90726e-05
1.05	0.085	6.12267e-05
1.05	0.09	4.63456e-05
1.05	0.095	3.42947e-05
1.05	0.1	2.48084e-05

1.055	-0.1	1.38858e-07
1.055	-0.095	2.41941e-07
1.055	-0.09	4.12187e-07
1.055	-0.085	6.86632e-07
1.055	-0.08	1.1184e-06
1.055	-0.075	1.78122e-06
1.055	-0.07	2.77385e-06
1.055	-0.065	4.22371e-06
1.055	-0.06	6.28854e-06
1.055	-0.055	9.15483e-06
1.055	-0.05	1.30315e-05
1.055	-0.045	1.81379e-05
1.055	-0.04	2.46844e-05
1.055	-0.035	3.28477e-05
1.055	-0.03	4.27397e-05
1.055	-0.025	5.43754e-05
1.055	-0.02	6.76425e-05
1.055	-0.015	8.22776e-05
1.055	-0.01	9.78563e-05
1.055	-0.005	0.0001138
1.055	0	0.000129401
1.055	0.005	0.000143874
1.055	0.01	0.000156412
1.055	0.015	0.000166266
1.055	0.02	0.000172815
1.055	0.025	0.000175632
1.055	0.03	0.000174531
1.055	0.035	0.000169585
1.055	0.04	0.000161119
1.055	0.045	0.000149675
1.055	0.05	0.000135956
1.055	0.055	0.000120752
1.055	0.06	0.000104866
1.055	0.065	8.90469e-05
1.055	0.07	7.39348e-05
1.055	0.075	6.00239e-05
1.055	0.08	4.7648e-05
1.055	0.085	3.69837e-05
1.055	0.09	2.80686e-05
1.055	0.095	2.08294e-05
1.055	0.1	1.51139e-05

1.06	-0.1	8.51503e-08
1.06	-0.095	1.4759e-07
1.06	-0.09	2.50186e-07
1.06	-0.085	4.14769e-07
1.06	-0.08	6.72491e-07
1.06	-0.075	1.06636e-06
1.06	-0.07	1.65371e-06
1.06	-0.065	2.50813e-06
1.06	-0.06	3.72031e-06
1.06	-0.055	5.39691e-06
1.06	-0.05	7.6568e-06
1.06	-0.045	1.0624e-05
1.06	-0.04	1.44166e-05
1.06	-0.035	1.91327e-05
1.06	-0.03	2.48329e-05
1.06	-0.025	3.15221e-05
1.06	-0.02	3.91327e-05
1.06	-0.015	4.75118e-05
1.06	-0.01	5.64156e-05
1.06	-0.005	6.55141e-05
1.06	0	7.44059e-05
1.06	0.005	8.2645e-05
1.06	0.01	8.97766e-05
1.06	0.015	9.53776e-05
1.06	0.02	9.90985e-05
1.06	0.025	0.000100699
1.06	0.03	0.000100073
1.06	0.035	9.72635e-05
1.06	0.04	9.24524e-05
1.06	0.045	8.59456e-05
1.06	0.05	7.81387e-05
1.06	0.055	6.94777e-05
1.06	0.06	6.04173e-05
1.06	0.065	5.13825e-05
1.06	0.07	4.27371e-05
1.06	0.075	3.47642e-05
1.06	0.08	2.76565e-05
1.06	0.085	2.15178e-05
1.06	0.09	1.63733e-05
1.06	0.095	1.21846e-05
1.06	0.1	8.86795e-06

1.065	-0.1	5.03032e-08
1.065	-0.095	8.67416e-08
1.065	-0.09	1.46314e-07
1.065	-0.085	2.41421e-07
1.065	-0.08	3.89663e-07
1.065	-0.075	6.15221e-07
1.065	-0.07	9.50168e-07
1.065	-0.065	1.43548e-06
1.065	-0.06	2.1214e-06
1.065	-0.055	3.06672e-06
1.065	-0.05	4.33664e-06
1.065	-0.045	5.99875e-06
1.065	-0.04	8.117e-06
1.065	-0.035	1.07438e-05
1.065	-0.03	1.39106e-05
1.065	-0.025	1.76183e-05
1.065	-0.02	2.18278e-05
1.065	-0.015	2.64534e-05
1.065	-0.01	3.13604e-05
1.065	-0.005	3.63671e-05
1.065	0	4.12537e-05
1.065	0.005	4.57767e-05
1.065	0.01	4.96884e-05
1.065	0.015	5.27584e-05
1.065	0.02	5.4797e-05
1.065	0.025	5.56735e-05
1.065	0.03	5.5331e-05
1.065	0.035	5.37917e-05
1.065	0.04	5.11553e-05
1.065	0.045	4.75875e-05
1.065	0.05	4.33034e-05
1.065	0.055	3.8546e-05
1.065	0.06	3.35633e-05
1.065	0.065	2.85875e-05
1.065	0.07	2.38186e-05
1.065	0.075	1.94126e-05
1.065	0.08	1.54767e-05
1.065	0.085	1.20698e-05
1.065	0.09	9.20768e-06
1.065	0.095	6.87112e-06
1.065	0.1	5.01571e-06

1.07	-0.1	2.86544e-08
1.07	-0.095	4.91606e-08
1.07	-0.09	8.252e-08
1.07	-0.085	1.35525e-07
1.07	-0.08	2.17768e-07
1.07	-0.075	3.42363e-07
1.07	-0.07	5.26619e-07
1.07	-0.065	7.92543e-07
1.07	-0.06	1.16699e-06
1.07	-0.055	1.68122e-06
1.07	-0.05	2.36975e-06
1.07	-0.045	3.2681e-06
1.07	-0.04	4.40967e-06
1.07	-0.035	5.82147e-06
1.07	-0.03	7.51928e-06
1.07	-0.025	9.50247e-06
1.07	-0.02	1.17493e-05
1.07	-0.015	1.42137e-05
1.07	-0.01	1.68236e-05
1.07	-0.005	1.94825e-05
1.07	0	2.20744e-05
1.07	0.005	2.44709e-05
1.07	0.01	2.65417e-05
1.07	0.015	2.81658e-05
1.07	0.02	2.92438e-05
1.07	0.025	2.97072e-05
1.07	0.03	2.95261e-05
1.07	0.035	2.87123e-05
1.07	0.04	2.73178e-05
1.07	0.045	2.54297e-05
1.07	0.05	2.31608e-05
1.07	0.055	2.06386e-05
1.07	0.06	1.79939e-05
1.07	0.065	1.53493e-05
1.07	0.07	1.28105e-05
1.07	0.075	1.04607e-05
1.07	0.08	8.35747e-06
1.07	0.085	6.53287e-06
1.07	0.09	4.99632e-06
1.07	0.095	3.73863e-06
1.07	0.1	2.73711e-06

1.075	-0.1	1.57527e-08
1.075	-0.095	2.68909e-08
1.075	-0.09	4.49221e-08
1.075	-0.085	7.34377e-08
1.075	-0.08	1.17485e-07
1.075	-0.075	1.8393e-07
1.075	-0.07	2.81791e-07
1.075	-0.065	4.22479e-07
1.075	-0.06	6.19853e-07
1.075	-0.055	8.89973e-07
1.075	-0.05	1.25046e-06
1.075	-0.045	1.71936e-06
1.075	-0.04	2.3135e-06
1.075	-0.035	3.04634e-06
1.075	-0.03	3.92545e-06
1.075	-0.025	4.95002e-06
1.075	-0.02	6.10841e-06
1.075	-0.015	7.37657e-06
1.075	-0.01	8.71738e-06
1.075	-0.005	1.00814e-05
1.075	0	1.14094e-05
1.075	0.005	1.2636e-05
1.075	0.01	1.36949e-05
1.075	0.015	1.45249e-05
1.075	0.02	1.50755e-05
1.075	0.025	1.53122e-05
1.075	0.03	1.52197e-05
1.075	0.035	1.48041e-05
1.075	0.04	1.40916e-05
1.075	0.045	1.31263e-05
1.075	0.05	1.19655e-05
1.075	0.055	1.0674e-05
1.075	0.06	9.31801e-06
1.075	0.065	7.96024e-06
1.075	0.07	6.65478e-06
1.075	0.075	5.44435e-06
1.075	0.08	4.35876e-06
1.075	0.085	3.41495e-06
1.075	0.09	2.61825e-06
1.075	0.095	1.96446e-06
1.075	0.1	1.44238e-06

1.08	-0.1	8.36486e-09
1.08	-0.095	1.4209e-08
1.08	-0.09	2.36243e-08
1.08	-0.085	3.84456e-08
1.08	-0.08	6.12387e-08
1.08	-0.075	9.54766e-08
1.08	-0.07	1.457e-07
1.08	-0.065	2.17627e-07
1.08	-0.06	3.1817e-07
1.08	-0.055	4.55298e-07
1.08	-0.05	6.37712e-07
1.08	-0.045	8.74269e-07
1.08	-0.04	1.17316e-06
1.08	-0.035	1.54085e-06
1.08	-0.03	1.98087e-06
1.08	-0.025	2.49254e-06
1.08	-0.02	3.06987e-06
1.08	-0.015	3.70074e-06
1.08	-0.01	4.36667e-06
1.08	-0.005	5.04316e-06
1.08	0	5.70095e-06
1.08	0.005	6.30787e-06
1.08	0.01	6.83141e-06
1.08	0.015	7.24151e-06
1.08	0.02	7.51346e-06
1.08	0.025	7.6303e-06
1.08	0.03	7.58465e-06
1.08	0.035	7.37939e-06
1.08	0.04	7.02744e-06
1.08	0.045	6.55037e-06
1.08	0.05	5.97621e-06
1.08	0.055	5.33675e-06
1.08	0.06	4.66466e-06
1.08	0.065	3.99075e-06
1.08	0.07	3.3418e-06
1.08	0.075	2.73904e-06
1.08	0.08	2.19739e-06
1.08	0.085	1.72547e-06
1.08	0.09	1.32618e-06
1.08	0.095	9.97665e-07
1.08	0.1	7.34616e-07

1.085	-0.1	4.29404e-09
1.085	-0.095	7.25862e-09
1.085	-0.09	1.20121e-08
1.085	-0.085	1.94609e-08
1.085	-0.08	3.08662e-08
1.085	-0.075	4.7927e-08
1.085	-0.07	7.28543e-08
1.085	-0.065	1.08419e-07
1.085	-0.06	1.57956e-07
1.085	-0.055	2.2529e-07
1.085	-0.05	3.14575e-07
1.085	-0.045	4.30016e-07
1.085	-0.04	5.75469e-07
1.085	-0.035	7.5394e-07
1.085	-0.03	9.67005e-07
1.085	-0.025	1.21422e-06
1.085	-0.02	1.4926e-06
1.085	-0.015	1.79625e-06
1.085	-0.01	2.11625e-06
1.085	-0.005	2.44087e-06
1.085	0	2.75613e-06
1.085	0.005	3.04671e-06
1.085	0.01	3.29716e-06
1.085	0.015	3.49322e-06
1.085	0.02	3.62318e-06
1.085	0.025	3.679e-06
1.085	0.03	3.65719e-06
1.085	0.035	3.55912e-06
1.085	0.04	3.39089e-06
1.085	0.045	3.16274e-06
1.085	0.05	2.88795e-06
1.085	0.055	2.58162e-06
1.085	0.06	2.2593e-06
1.085	0.065	1.93567e-06
1.085	0.07	1.62355e-06
1.085	0.075	1.33315e-06
1.085	0.08	1.07168e-06
1.085	0.085	8.434e-07
1.085	0.09	6.49796e-07
1.085	0.095	4.90115e-07
1.085	0.1	3.61906e-07

1.09	-0.1	2.1327e-09
1.09	-0.095	3.58783e-09
1.09	-0.09	5.9101e-09
1.09	-0.085	9.53279e-09
1.09	-0.08	1.50559e-08
1.09	-0.075	2.32839e-08
1.09	-0.07	3.52586e-08
1.09	-0.065	5.228e-08
1.09	-0.06	7.59047e-08
1.09	-0.055	1.0791e-07
1.09	-0.05	1.50217e-07
1.09	-0.045	2.04756e-07
1.09	-0.04	2.73285e-07
1.09	-0.035	3.57155e-07
1.09	-0.03	4.57045e-07
1.09	-0.025	5.72695e-07
1.09	-0.02	7.02665e-07
1.09	-0.015	8.44181e-07
1.09	-0.01	9.9308e-07
1.09	-0.005	1.14392e-06
1.09	0	1.29023e-06
1.09	0.005	1.42495e-06
1.09	0.01	1.54097e-06
1.09	0.015	1.63174e-06
1.09	0.02	1.69188e-06
1.09	0.025	1.71771e-06
1.09	0.03	1.70762e-06
1.09	0.035	1.66224e-06
1.09	0.04	1.58437e-06
1.09	0.045	1.47871e-06
1.09	0.05	1.35136e-06
1.09	0.055	1.20926e-06
1.09	0.06	1.05957e-06
1.09	0.065	9.09082e-07
1.09	0.07	7.63725e-07
1.09	0.075	6.28249e-07
1.09	0.08	5.06045e-07
1.09	0.085	3.99124e-07
1.09	0.09	3.08239e-07
1.09	0.095	2.33093e-07
1.09	0.1	1.72597e-07

1.095	-0.1	1.02564e-09
1.095	-0.095	1.71727e-09
1.095	-0.09	2.81597e-09
1.095	-0.085	4.52232e-09
1.095	-0.08	7.11278e-09
1.095	-0.075	1.09563e-08
1.095	-0.07	1.65284e-08
1.095	-0.065	2.44198e-08
1.095	-0.06	3.53346e-08
1.095	-0.055	5.00728e-08
1.095	-0.05	6.94943e-08
1.095	-0.045	9.44586e-08
1.095	-0.04	1.25741e-07
1.095	-0.035	1.6393e-07
1.095	-0.03	2.09308e-07
1.095	-0.025	2.61732e-07
1.095	-0.02	3.20534e-07
1.095	-0.015	3.84445e-07
1.095	-0.01	4.51586e-07
1.095	-0.005	5.19507e-07
1.095	0	5.85311e-07
1.095	0.005	6.45843e-07
1.095	0.01	6.97931e-07
1.095	0.015	7.38656e-07
1.095	0.02	7.65627e-07
1.095	0.025	7.77207e-07
1.095	0.03	7.72683e-07
1.095	0.035	7.52334e-07
1.095	0.04	7.17406e-07
1.095	0.045	6.69983e-07
1.095	0.05	6.12785e-07
1.095	0.055	5.48904e-07
1.095	0.06	4.81538e-07
1.095	0.065	4.13722e-07
1.095	0.07	3.48122e-07
1.095	0.075	2.8688e-07
1.095	0.08	2.31533e-07
1.095	0.085	1.83008e-07
1.095	0.09	1.41669e-07
1.095	0.095	1.07404e-07
1.095	0.1	7.97468e-08

1.1	-0.1	4.77971e-10
1.1	-0.095	7.96552e-10
1.1	-0.09	1.30033e-09
1.1	-0.085	2.07932e-09
1.1	-0.08	3.25699e-09
1.1	-0.075	4.99732e-09
1.1	-0.07	7.51078e-09
1.1	-0.065	1.10576e-08
1.1	-0.06	1.59464e-08
1.1	-0.055	2.25264e-08
1.1	-0.05	3.11707e-08
1.1	-0.045	4.22503e-08
1.1	-0.04	5.6097e-08
1.1	-0.035	7.29587e-08
1.1	-0.03	9.29482e-08
1.1	-0.025	1.15993e-07
1.1	-0.02	1.41791e-07
1.1	-0.015	1.69783e-07
1.1	-0.01	1.99143e-07
1.1	-0.005	2.28805e-07
1.1	0	2.57508e-07
1.1	0.005	2.83885e-07
1.1	0.01	3.06565e-07
1.1	0.015	3.24287e-07
1.1	0.02	3.36018e-07
1.1	0.025	3.41054e-07
1.1	0.03	3.39087e-07
1.1	0.035	3.30237e-07
1.1	0.04	3.15041e-07
1.1	0.045	2.94399e-07
1.1	0.05	2.69483e-07
1.1	0.055	2.41631e-07
1.1	0.06	2.12228e-07
1.1	0.065	1.82591e-07
1.1	0.07	1.5388e-07
1.1	0.075	1.27032e-07
1.1	0.08	1.02724e-07
1.1	0.085	8.13682e-08
1.1	0.09	6.31343e-08
1.1	0.095	4.79848e-08
1.1	0.1	3.57247e-08

