# Bayes estimation calculation
# Model: one Gaussian
# Sigma: 0.500000 to 1.500000, step 0.020000
# Mu: -0.500000 to 0.500000, step 0.020000
# Data file: LD_sample_1_histo.dat
# Data row: 7 to 210
# x: -5.000000 to 5.000000, step 0.010000
# Free energy: 2593.867652
# x p_x
-5.000000	0.013160
-4.990000	0.013210
-4.980000	0.013261
-4.970000	0.013312
-4.960000	0.013363
-4.950000	0.013415
-4.940000	0.013467
-4.930000	0.013519
-4.920000	0.013571
-4.910000	0.013624
-4.900000	0.013677
-4.890000	0.013730
-4.880000	0.013784
-4.870000	0.013838
-4.860000	0.013892
-4.850000	0.013947
-4.840000	0.014002
-4.830000	0.014057
-4.820000	0.014113
-4.810000	0.014169
-4.800000	0.014225
-4.790000	0.014281
-4.780000	0.014338
-4.770000	0.014395
-4.760000	0.014453
-4.750000	0.014511
-4.740000	0.014569
-4.730000	0.014628
-4.720000	0.014687
-4.710000	0.014746
-4.700000	0.014805
-4.690000	0.014865
-4.680000	0.014926
-4.670000	0.014986
-4.660000	0.015048
-4.650000	0.015109
-4.640000	0.015171
-4.630000	0.015233
-4.620000	0.015295
-4.610000	0.015358
-4.600000	0.015422
-4.590000	0.015485
-4.580000	0.015549
-4.570000	0.015614
-4.560000	0.015679
-4.550000	0.015744
-4.540000	0.015810
-4.530000	0.015876
-4.520000	0.015942
-4.510000	0.016009
-4.500000	0.016076
-4.490000	0.016144
-4.480000	0.016212
-4.470000	0.016281
-4.460000	0.016350
-4.450000	0.016419
-4.440000	0.016489
-4.430000	0.016559
-4.420000	0.016630
-4.410000	0.016701
-4.400000	0.016773
-4.390000	0.016845
-4.380000	0.016918
-4.370000	0.016991
-4.360000	0.017064
-4.350000	0.017138
-4.340000	0.017212
-4.330000	0.017287
-4.320000	0.017363
-4.310000	0.017438
-4.300000	0.017515
-4.290000	0.017592
-4.280000	0.017669
-4.270000	0.017747
-4.260000	0.017825
-4.250000	0.017904
-4.240000	0.017983
-4.230000	0.018063
-4.220000	0.018143
-4.210000	0.018224
-4.200000	0.018306
-4.190000	0.018388
-4.180000	0.018470
-4.170000	0.018553
-4.160000	0.018637
-4.150000	0.018721
-4.140000	0.018806
-4.130000	0.018891
-4.120000	0.018977
-4.110000	0.019063
-4.100000	0.019150
-4.090000	0.019238
-4.080000	0.019326
-4.070000	0.019415
-4.060000	0.019504
-4.050000	0.019594
-4.040000	0.019685
-4.030000	0.019776
-4.020000	0.019868
-4.010000	0.019960
-4.000000	0.020053
-3.990000	0.020147
-3.980000	0.020241
-3.970000	0.020336
-3.960000	0.020432
-3.950000	0.020528
-3.940000	0.020625
-3.930000	0.020723
-3.920000	0.020821
-3.910000	0.020920
-3.900000	0.021019
-3.890000	0.021120
-3.880000	0.021221
-3.870000	0.021323
-3.860000	0.021425
-3.850000	0.021528
-3.840000	0.021632
-3.830000	0.021737
-3.820000	0.021842
-3.810000	0.021949
-3.800000	0.022056
-3.790000	0.022163
-3.780000	0.022272
-3.770000	0.022381
-3.760000	0.022491
-3.750000	0.022602
-3.740000	0.022713
-3.730000	0.022826
-3.720000	0.022939
-3.710000	0.023053
-3.700000	0.023168
-3.690000	0.023284
-3.680000	0.023400
-3.670000	0.023518
-3.660000	0.023636
-3.650000	0.023755
-3.640000	0.023875
-3.630000	0.023996
-3.620000	0.024118
-3.610000	0.024240
-3.600000	0.024364
-3.590000	0.024488
-3.580000	0.024614
-3.570000	0.024740
-3.560000	0.024868
-3.550000	0.024996
-3.540000	0.025125
-3.530000	0.025255
-3.520000	0.025387
-3.510000	0.025519
-3.500000	0.025652
-3.490000	0.025786
-3.480000	0.025921
-3.470000	0.026058
-3.460000	0.026195
-3.450000	0.026333
-3.440000	0.026473
-3.430000	0.026613
-3.420000	0.026755
-3.410000	0.026897
-3.400000	0.027041
-3.390000	0.027186
-3.380000	0.027332
-3.370000	0.027479
-3.360000	0.027628
-3.350000	0.027777
-3.340000	0.027928
-3.330000	0.028080
-3.320000	0.028233
-3.310000	0.028387
-3.300000	0.028542
-3.290000	0.028699
-3.280000	0.028857
-3.270000	0.029016
-3.260000	0.029177
-3.250000	0.029338
-3.240000	0.029501
-3.230000	0.029666
-3.220000	0.029832
-3.210000	0.029999
-3.200000	0.030167
-3.190000	0.030337
-3.180000	0.030508
-3.170000	0.030680
-3.160000	0.030854
-3.150000	0.031030
-3.140000	0.031207
-3.130000	0.031385
-3.120000	0.031564
-3.110000	0.031746
-3.100000	0.031928
-3.090000	0.032113
-3.080000	0.032298
-3.070000	0.032486
-3.060000	0.032675
-3.050000	0.032865
-3.040000	0.033057
-3.030000	0.033251
-3.020000	0.033446
-3.010000	0.033643
-3.000000	0.033842
-2.990000	0.034042
-2.980000	0.034244
-2.970000	0.034448
-2.960000	0.034653
-2.950000	0.034861
-2.940000	0.035070
-2.930000	0.035281
-2.920000	0.035493
-2.910000	0.035708
-2.900000	0.035924
-2.890000	0.036142
-2.880000	0.036362
-2.870000	0.036585
-2.860000	0.036809
-2.850000	0.037035
-2.840000	0.037262
-2.830000	0.037492
-2.820000	0.037724
-2.810000	0.037959
-2.800000	0.038195
-2.790000	0.038433
-2.780000	0.038673
-2.770000	0.038916
-2.760000	0.039160
-2.750000	0.039407
-2.740000	0.039656
-2.730000	0.039908
-2.720000	0.040161
-2.710000	0.040417
-2.700000	0.040675
-2.690000	0.040936
-2.680000	0.041199
-2.670000	0.041464
-2.660000	0.041732
-2.650000	0.042002
-2.640000	0.042275
-2.630000	0.042550
-2.620000	0.042828
-2.610000	0.043108
-2.600000	0.043391
-2.590000	0.043677
-2.580000	0.043965
-2.570000	0.044256
-2.560000	0.044550
-2.550000	0.044846
-2.540000	0.045145
-2.530000	0.045447
-2.520000	0.045752
-2.510000	0.046060
-2.500000	0.046370
-2.490000	0.046684
-2.480000	0.047001
-2.470000	0.047320
-2.460000	0.047643
-2.450000	0.047969
-2.440000	0.048298
-2.430000	0.048630
-2.420000	0.048965
-2.410000	0.049304
-2.400000	0.049646
-2.390000	0.049991
-2.380000	0.050339
-2.370000	0.050691
-2.360000	0.051047
-2.350000	0.051406
-2.340000	0.051768
-2.330000	0.052134
-2.320000	0.052503
-2.310000	0.052877
-2.300000	0.053254
-2.290000	0.053634
-2.280000	0.054019
-2.270000	0.054407
-2.260000	0.054799
-2.250000	0.055195
-2.240000	0.055595
-2.230000	0.056000
-2.220000	0.056408
-2.210000	0.056820
-2.200000	0.057237
-2.190000	0.057657
-2.180000	0.058082
-2.170000	0.058511
-2.160000	0.058945
-2.150000	0.059383
-2.140000	0.059826
-2.130000	0.060273
-2.120000	0.060725
-2.110000	0.061181
-2.100000	0.061642
-2.090000	0.062108
-2.080000	0.062579
-2.070000	0.063054
-2.060000	0.063535
-2.050000	0.064020
-2.040000	0.064511
-2.030000	0.065006
-2.020000	0.065507
-2.010000	0.066013
-2.000000	0.066525
-1.990000	0.067041
-1.980000	0.067564
-1.970000	0.068091
-1.960000	0.068625
-1.950000	0.069164
-1.940000	0.069708
-1.930000	0.070259
-1.920000	0.070815
-1.910000	0.071377
-1.900000	0.071946
-1.890000	0.072520
-1.880000	0.073100
-1.870000	0.073687
-1.860000	0.074280
-1.850000	0.074879
-1.840000	0.075485
-1.830000	0.076097
-1.820000	0.076716
-1.810000	0.077342
-1.800000	0.077974
-1.790000	0.078613
-1.780000	0.079259
-1.770000	0.079912
-1.760000	0.080573
-1.750000	0.081240
-1.740000	0.081915
-1.730000	0.082597
-1.720000	0.083286
-1.710000	0.083983
-1.700000	0.084687
-1.690000	0.085399
-1.680000	0.086119
-1.670000	0.086847
-1.660000	0.087583
-1.650000	0.088327
-1.640000	0.089079
-1.630000	0.089839
-1.620000	0.090607
-1.610000	0.091384
-1.600000	0.092170
-1.590000	0.092964
-1.580000	0.093766
-1.570000	0.094578
-1.560000	0.095398
-1.550000	0.096228
-1.540000	0.097066
-1.530000	0.097914
-1.520000	0.098771
-1.510000	0.099637
-1.500000	0.100513
-1.490000	0.101398
-1.480000	0.102293
-1.470000	0.103198
-1.460000	0.104113
-1.450000	0.105037
-1.440000	0.105972
-1.430000	0.106917
-1.420000	0.107872
-1.410000	0.108837
-1.400000	0.109813
-1.390000	0.110799
-1.380000	0.111796
-1.370000	0.112804
-1.360000	0.113822
-1.350000	0.114852
-1.340000	0.115892
-1.330000	0.116944
-1.320000	0.118006
-1.310000	0.119080
-1.300000	0.120166
-1.290000	0.121262
-1.280000	0.122370
-1.270000	0.123490
-1.260000	0.124622
-1.250000	0.125765
-1.240000	0.126920
-1.230000	0.128087
-1.220000	0.129266
-1.210000	0.130457
-1.200000	0.131660
-1.190000	0.132875
-1.180000	0.134103
-1.170000	0.135342
-1.160000	0.136594
-1.150000	0.137859
-1.140000	0.139135
-1.130000	0.140424
-1.120000	0.141726
-1.110000	0.143040
-1.100000	0.144367
-1.090000	0.145706
-1.080000	0.147058
-1.070000	0.148422
-1.060000	0.149798
-1.050000	0.151188
-1.040000	0.152589
-1.030000	0.154003
-1.020000	0.155430
-1.010000	0.156869
-1.000000	0.158320
-0.990000	0.159784
-0.980000	0.161260
-0.970000	0.162748
-0.960000	0.164248
-0.950000	0.165760
-0.940000	0.167284
-0.930000	0.168820
-0.920000	0.170367
-0.910000	0.171926
-0.900000	0.173496
-0.890000	0.175077
-0.880000	0.176669
-0.870000	0.178272
-0.860000	0.179886
-0.850000	0.181510
-0.840000	0.183144
-0.830000	0.184788
-0.820000	0.186441
-0.810000	0.188104
-0.800000	0.189776
-0.790000	0.191457
-0.780000	0.193146
-0.770000	0.194843
-0.760000	0.196547
-0.750000	0.198259
-0.740000	0.199978
-0.730000	0.201704
-0.720000	0.203435
-0.710000	0.205172
-0.700000	0.206914
-0.690000	0.208660
-0.680000	0.210411
-0.670000	0.212165
-0.660000	0.213922
-0.650000	0.215681
-0.640000	0.217442
-0.630000	0.219205
-0.620000	0.220967
-0.610000	0.222730
-0.600000	0.224491
-0.590000	0.226251
-0.580000	0.228009
-0.570000	0.229763
-0.560000	0.231514
-0.550000	0.233260
-0.540000	0.235000
-0.530000	0.236734
-0.520000	0.238461
-0.510000	0.240179
-0.500000	0.241889
-0.490000	0.243589
-0.480000	0.245277
-0.470000	0.246955
-0.460000	0.248619
-0.450000	0.250269
-0.440000	0.251905
-0.430000	0.253525
-0.420000	0.255128
-0.410000	0.256714
-0.400000	0.258280
-0.390000	0.259827
-0.380000	0.261352
-0.370000	0.262855
-0.360000	0.264336
-0.350000	0.265792
-0.340000	0.267222
-0.330000	0.268627
-0.320000	0.270004
-0.310000	0.271352
-0.300000	0.272671
-0.290000	0.273959
-0.280000	0.275215
-0.270000	0.276439
-0.260000	0.277628
-0.250000	0.278783
-0.240000	0.279902
-0.230000	0.280985
-0.220000	0.282029
-0.210000	0.283035
-0.200000	0.284001
-0.190000	0.284927
-0.180000	0.285811
-0.170000	0.286654
-0.160000	0.287453
-0.150000	0.288209
-0.140000	0.288920
-0.130000	0.289586
-0.120000	0.290206
-0.110000	0.290779
-0.100000	0.291306
-0.090000	0.291786
-0.080000	0.292217
-0.070000	0.292600
-0.060000	0.292934
-0.050000	0.293219
-0.040000	0.293454
-0.030000	0.293640
-0.020000	0.293777
-0.010000	0.293863
0.000000	0.293899
0.010000	0.293885
0.020000	0.293821
0.030000	0.293706
0.040000	0.293542
0.050000	0.293329
0.060000	0.293065
0.070000	0.292753
0.080000	0.292391
0.090000	0.291981
0.100000	0.291523
0.110000	0.291017
0.120000	0.290464
0.130000	0.289864
0.140000	0.289218
0.150000	0.288527
0.160000	0.287791
0.170000	0.287011
0.180000	0.286187
0.190000	0.285322
0.200000	0.284414
0.210000	0.283466
0.220000	0.282477
0.230000	0.281450
0.240000	0.280384
0.250000	0.279281
0.260000	0.278142
0.270000	0.276968
0.280000	0.275759
0.290000	0.274517
0.300000	0.273243
0.310000	0.271938
0.320000	0.270603
0.330000	0.269239
0.340000	0.267846
0.350000	0.266427
0.360000	0.264983
0.370000	0.263513
0.380000	0.262020
0.390000	0.260504
0.400000	0.258967
0.410000	0.257410
0.420000	0.255833
0.430000	0.254238
0.440000	0.252625
0.450000	0.250997
0.460000	0.249353
0.470000	0.247695
0.480000	0.246024
0.490000	0.244340
0.500000	0.242646
0.510000	0.240941
0.520000	0.239226
0.530000	0.237503
0.540000	0.235772
0.550000	0.234035
0.560000	0.232292
0.570000	0.230544
0.580000	0.228791
0.590000	0.227035
0.600000	0.225277
0.610000	0.223516
0.620000	0.221754
0.630000	0.219992
0.640000	0.218230
0.650000	0.216468
0.660000	0.214708
0.670000	0.212951
0.680000	0.211195
0.690000	0.209444
0.700000	0.207696
0.710000	0.205952
0.720000	0.204213
0.730000	0.202479
0.740000	0.200751
0.750000	0.199030
0.760000	0.197315
0.770000	0.195607
0.780000	0.193907
0.790000	0.192215
0.800000	0.190531
0.810000	0.188855
0.820000	0.187188
0.830000	0.185531
0.840000	0.183883
0.850000	0.182245
0.860000	0.180616
0.870000	0.178998
0.880000	0.177391
0.890000	0.175794
0.900000	0.174208
0.910000	0.172633
0.920000	0.171069
0.930000	0.169517
0.940000	0.167976
0.950000	0.166447
0.960000	0.164930
0.970000	0.163425
0.980000	0.161932
0.990000	0.160451
1.000000	0.158982
1.010000	0.157525
1.020000	0.156080
1.030000	0.154648
1.040000	0.153229
1.050000	0.151822
1.060000	0.150427
1.070000	0.149045
1.080000	0.147675
1.090000	0.146318
1.100000	0.144973
1.110000	0.143641
1.120000	0.142322
1.130000	0.141014
1.140000	0.139720
1.150000	0.138438
1.160000	0.137168
1.170000	0.135910
1.180000	0.134665
1.190000	0.133432
1.200000	0.132212
1.210000	0.131003
1.220000	0.129807
1.230000	0.128623
1.240000	0.127451
1.250000	0.126290
1.260000	0.125142
1.270000	0.124005
1.280000	0.122880
1.290000	0.121767
1.300000	0.120665
1.310000	0.119574
1.320000	0.118495
1.330000	0.117428
1.340000	0.116371
1.350000	0.115326
1.360000	0.114291
1.370000	0.113268
1.380000	0.112256
1.390000	0.111254
1.400000	0.110263
1.410000	0.109282
1.420000	0.108312
1.430000	0.107353
1.440000	0.106403
1.450000	0.105464
1.460000	0.104535
1.470000	0.103616
1.480000	0.102707
1.490000	0.101807
1.500000	0.100918
1.510000	0.100037
1.520000	0.099167
1.530000	0.098306
1.540000	0.097454
1.550000	0.096611
1.560000	0.095778
1.570000	0.094953
1.580000	0.094138
1.590000	0.093331
1.600000	0.092533
1.610000	0.091744
1.620000	0.090963
1.630000	0.090191
1.640000	0.089427
1.650000	0.088671
1.660000	0.087924
1.670000	0.087184
1.680000	0.086453
1.690000	0.085730
1.700000	0.085014
1.710000	0.084306
1.720000	0.083606
1.730000	0.082913
1.740000	0.082228
1.750000	0.081550
1.760000	0.080879
1.770000	0.080216
1.780000	0.079559
1.790000	0.078910
1.800000	0.078268
1.810000	0.077632
1.820000	0.077004
1.830000	0.076382
1.840000	0.075766
1.850000	0.075158
1.860000	0.074555
1.870000	0.073960
1.880000	0.073370
1.890000	0.072787
1.900000	0.072210
1.910000	0.071639
1.920000	0.071074
1.930000	0.070515
1.940000	0.069962
1.950000	0.069414
1.960000	0.068873
1.970000	0.068337
1.980000	0.067807
1.990000	0.067282
2.000000	0.066763
2.010000	0.066249
2.020000	0.065740
2.030000	0.065237
2.040000	0.064739
2.050000	0.064246
2.060000	0.063758
2.070000	0.063275
2.080000	0.062798
2.090000	0.062325
2.100000	0.061857
2.110000	0.061394
2.120000	0.060935
2.130000	0.060481
2.140000	0.060032
2.150000	0.059587
2.160000	0.059147
2.170000	0.058711
2.180000	0.058280
2.190000	0.057853
2.200000	0.057431
2.210000	0.057012
2.220000	0.056598
2.230000	0.056188
2.240000	0.055782
2.250000	0.055380
2.260000	0.054982
2.270000	0.054588
2.280000	0.054198
2.290000	0.053812
2.300000	0.053429
2.310000	0.053051
2.320000	0.052676
2.330000	0.052305
2.340000	0.051937
2.350000	0.051573
2.360000	0.051213
2.370000	0.050856
2.380000	0.050502
2.390000	0.050152
2.400000	0.049805
2.410000	0.049462
2.420000	0.049122
2.430000	0.048785
2.440000	0.048451
2.450000	0.048121
2.460000	0.047794
2.470000	0.047470
2.480000	0.047149
2.490000	0.046831
2.500000	0.046516
2.510000	0.046203
2.520000	0.045894
2.530000	0.045588
2.540000	0.045285
2.550000	0.044984
2.560000	0.044687
2.570000	0.044392
2.580000	0.044100
2.590000	0.043810
2.600000	0.043523
2.610000	0.043239
2.620000	0.042958
2.630000	0.042679
2.640000	0.042402
2.650000	0.042128
2.660000	0.041857
2.670000	0.041588
2.680000	0.041322
2.690000	0.041058
2.700000	0.040796
2.710000	0.040537
2.720000	0.040280
2.730000	0.040025
2.740000	0.039773
2.750000	0.039523
2.760000	0.039275
2.770000	0.039029
2.780000	0.038786
2.790000	0.038544
2.800000	0.038305
2.810000	0.038068
2.820000	0.037833
2.830000	0.037600
2.840000	0.037369
2.850000	0.037140
2.860000	0.036913
2.870000	0.036688
2.880000	0.036465
2.890000	0.036244
2.900000	0.036025
2.910000	0.035808
2.920000	0.035593
2.930000	0.035379
2.940000	0.035168
2.950000	0.034958
2.960000	0.034750
2.970000	0.034543
2.980000	0.034339
2.990000	0.034136
3.000000	0.033935
3.010000	0.033735
3.020000	0.033538
3.030000	0.033342
3.040000	0.033147
3.050000	0.032954
3.060000	0.032763
3.070000	0.032573
3.080000	0.032385
3.090000	0.032199
3.100000	0.032014
3.110000	0.031831
3.120000	0.031649
3.130000	0.031468
3.140000	0.031289
3.150000	0.031112
3.160000	0.030936
3.170000	0.030761
3.180000	0.030588
3.190000	0.030416
3.200000	0.030246
3.210000	0.030077
3.220000	0.029909
3.230000	0.029743
3.240000	0.029578
3.250000	0.029414
3.260000	0.029252
3.270000	0.029091
3.280000	0.028931
3.290000	0.028772
3.300000	0.028615
3.310000	0.028459
3.320000	0.028304
3.330000	0.028151
3.340000	0.027998
3.350000	0.027847
3.360000	0.027697
3.370000	0.027548
3.380000	0.027401
3.390000	0.027254
3.400000	0.027109
3.410000	0.026964
3.420000	0.026821
3.430000	0.026679
3.440000	0.026538
3.450000	0.026398
3.460000	0.026259
3.470000	0.026121
3.480000	0.025985
3.490000	0.025849
3.500000	0.025714
3.510000	0.025581
3.520000	0.025448
3.530000	0.025316
3.540000	0.025186
3.550000	0.025056
3.560000	0.024927
3.570000	0.024799
3.580000	0.024673
3.590000	0.024547
3.600000	0.024422
3.610000	0.024298
3.620000	0.024175
3.630000	0.024053
3.640000	0.023931
3.650000	0.023811
3.660000	0.023691
3.670000	0.023573
3.680000	0.023455
3.690000	0.023338
3.700000	0.023222
3.710000	0.023106
3.720000	0.022992
3.730000	0.022878
3.740000	0.022766
3.750000	0.022654
3.760000	0.022543
3.770000	0.022432
3.780000	0.022323
3.790000	0.022214
3.800000	0.022106
3.810000	0.021998
3.820000	0.021892
3.830000	0.021786
3.840000	0.021681
3.850000	0.021577
3.860000	0.021473
3.870000	0.021370
3.880000	0.021268
3.890000	0.021167
3.900000	0.021066
3.910000	0.020966
3.920000	0.020867
3.930000	0.020768
3.940000	0.020670
3.950000	0.020573
3.960000	0.020476
3.970000	0.020381
3.980000	0.020285
3.990000	0.020191
4.000000	0.020097
4.010000	0.020003
4.020000	0.019911
4.030000	0.019818
4.040000	0.019727
4.050000	0.019636
4.060000	0.019546
4.070000	0.019456
4.080000	0.019367
4.090000	0.019279
4.100000	0.019191
4.110000	0.019104
4.120000	0.019017
4.130000	0.018931
4.140000	0.018845
4.150000	0.018760
4.160000	0.018676
4.170000	0.018592
4.180000	0.018509
4.190000	0.018426
4.200000	0.018344
4.210000	0.018262
4.220000	0.018181
4.230000	0.018100
4.240000	0.018020
4.250000	0.017941
4.260000	0.017862
4.270000	0.017783
4.280000	0.017705
4.290000	0.017628
4.300000	0.017551
4.310000	0.017474
4.320000	0.017398
4.330000	0.017322
4.340000	0.017247
4.350000	0.017173
4.360000	0.017098
4.370000	0.017025
4.380000	0.016952
4.390000	0.016879
4.400000	0.016807
4.410000	0.016735
4.420000	0.016663
4.430000	0.016592
4.440000	0.016522
4.450000	0.016452
4.460000	0.016382
4.470000	0.016313
4.480000	0.016244
4.490000	0.016176
4.500000	0.016108
4.510000	0.016041
4.520000	0.015973
4.530000	0.015907
4.540000	0.015841
4.550000	0.015775
4.560000	0.015709
4.570000	0.015644
4.580000	0.015580
4.590000	0.015515
4.600000	0.015451
4.610000	0.015388
4.620000	0.015325
4.630000	0.015262
4.640000	0.015200
4.650000	0.015138
4.660000	0.015076
4.670000	0.015015
4.680000	0.014954
4.690000	0.014894
4.700000	0.014833
4.710000	0.014774
4.720000	0.014714
4.730000	0.014655
4.740000	0.014596
4.750000	0.014538
4.760000	0.014480
4.770000	0.014422
4.780000	0.014365
4.790000	0.014308
4.800000	0.014251
4.810000	0.014195
4.820000	0.014139
4.830000	0.014083
4.840000	0.014028
4.850000	0.013973
4.860000	0.013918
4.870000	0.013863
4.880000	0.013809
4.890000	0.013755
4.900000	0.013702
4.910000	0.013649
4.920000	0.013596
4.930000	0.013543
4.940000	0.013491
4.950000	0.013439
4.960000	0.013387
4.970000	0.013336
4.980000	0.013285
4.990000	0.013234
5.000000	0.013183
