# Bayes estimation calculation
# Model: one Gaussian
# Sigma: 0.900000 to 1.100000, step 0.005000
# Mu: -0.100000 to 0.100000, step 0.005000
# Data file: ND_sample_1_histo.dat
# Data row: 7 to 64
# x: -5.000000 to 5.000000, step 0.010000
# Free energy: 1414.524303
# x p_x
-5.000000	0.000001
-4.990000	0.000001
-4.980000	0.000001
-4.970000	0.000002
-4.960000	0.000002
-4.950000	0.000002
-4.940000	0.000002
-4.930000	0.000002
-4.920000	0.000002
-4.910000	0.000002
-4.900000	0.000002
-4.890000	0.000002
-4.880000	0.000002
-4.870000	0.000003
-4.860000	0.000003
-4.850000	0.000003
-4.840000	0.000003
-4.830000	0.000003
-4.820000	0.000003
-4.810000	0.000003
-4.800000	0.000004
-4.790000	0.000004
-4.780000	0.000004
-4.770000	0.000004
-4.760000	0.000004
-4.750000	0.000004
-4.740000	0.000005
-4.730000	0.000005
-4.720000	0.000005
-4.710000	0.000005
-4.700000	0.000006
-4.690000	0.000006
-4.680000	0.000006
-4.670000	0.000007
-4.660000	0.000007
-4.650000	0.000007
-4.640000	0.000007
-4.630000	0.000008
-4.620000	0.000008
-4.610000	0.000009
-4.600000	0.000009
-4.590000	0.000009
-4.580000	0.000010
-4.570000	0.000010
-4.560000	0.000011
-4.550000	0.000011
-4.540000	0.000012
-4.530000	0.000012
-4.520000	0.000013
-4.510000	0.000014
-4.500000	0.000014
-4.490000	0.000015
-4.480000	0.000015
-4.470000	0.000016
-4.460000	0.000017
-4.450000	0.000018
-4.440000	0.000018
-4.430000	0.000019
-4.420000	0.000020
-4.410000	0.000021
-4.400000	0.000022
-4.390000	0.000023
-4.380000	0.000024
-4.370000	0.000025
-4.360000	0.000026
-4.350000	0.000027
-4.340000	0.000029
-4.330000	0.000030
-4.320000	0.000031
-4.310000	0.000033
-4.300000	0.000034
-4.290000	0.000036
-4.280000	0.000037
-4.270000	0.000039
-4.260000	0.000040
-4.250000	0.000042
-4.240000	0.000044
-4.230000	0.000046
-4.220000	0.000048
-4.210000	0.000050
-4.200000	0.000052
-4.190000	0.000054
-4.180000	0.000057
-4.170000	0.000059
-4.160000	0.000062
-4.150000	0.000064
-4.140000	0.000067
-4.130000	0.000070
-4.120000	0.000073
-4.110000	0.000076
-4.100000	0.000079
-4.090000	0.000082
-4.080000	0.000086
-4.070000	0.000089
-4.060000	0.000093
-4.050000	0.000097
-4.040000	0.000101
-4.030000	0.000105
-4.020000	0.000109
-4.010000	0.000114
-4.000000	0.000118
-3.990000	0.000123
-3.980000	0.000128
-3.970000	0.000133
-3.960000	0.000139
-3.950000	0.000144
-3.940000	0.000150
-3.930000	0.000156
-3.920000	0.000162
-3.910000	0.000169
-3.900000	0.000176
-3.890000	0.000183
-3.880000	0.000190
-3.870000	0.000197
-3.860000	0.000205
-3.850000	0.000213
-3.840000	0.000222
-3.830000	0.000230
-3.820000	0.000239
-3.810000	0.000249
-3.800000	0.000258
-3.790000	0.000268
-3.780000	0.000279
-3.770000	0.000290
-3.760000	0.000301
-3.750000	0.000312
-3.740000	0.000324
-3.730000	0.000337
-3.720000	0.000350
-3.710000	0.000363
-3.700000	0.000377
-3.690000	0.000391
-3.680000	0.000406
-3.670000	0.000421
-3.660000	0.000437
-3.650000	0.000453
-3.640000	0.000470
-3.630000	0.000487
-3.620000	0.000505
-3.610000	0.000524
-3.600000	0.000543
-3.590000	0.000563
-3.580000	0.000584
-3.570000	0.000605
-3.560000	0.000628
-3.550000	0.000650
-3.540000	0.000674
-3.530000	0.000698
-3.520000	0.000724
-3.510000	0.000750
-3.500000	0.000777
-3.490000	0.000804
-3.480000	0.000833
-3.470000	0.000863
-3.460000	0.000893
-3.450000	0.000925
-3.440000	0.000958
-3.430000	0.000991
-3.420000	0.001026
-3.410000	0.001062
-3.400000	0.001099
-3.390000	0.001137
-3.380000	0.001177
-3.370000	0.001217
-3.360000	0.001259
-3.350000	0.001303
-3.340000	0.001347
-3.330000	0.001393
-3.320000	0.001441
-3.310000	0.001490
-3.300000	0.001540
-3.290000	0.001592
-3.280000	0.001646
-3.270000	0.001701
-3.260000	0.001758
-3.250000	0.001817
-3.240000	0.001877
-3.230000	0.001939
-3.220000	0.002004
-3.210000	0.002070
-3.200000	0.002138
-3.190000	0.002208
-3.180000	0.002280
-3.170000	0.002354
-3.160000	0.002430
-3.150000	0.002509
-3.140000	0.002590
-3.130000	0.002673
-3.120000	0.002759
-3.110000	0.002847
-3.100000	0.002938
-3.090000	0.003031
-3.080000	0.003127
-3.070000	0.003226
-3.060000	0.003327
-3.050000	0.003431
-3.040000	0.003538
-3.030000	0.003649
-3.020000	0.003762
-3.010000	0.003878
-3.000000	0.003998
-2.990000	0.004121
-2.980000	0.004247
-2.970000	0.004377
-2.960000	0.004510
-2.950000	0.004647
-2.940000	0.004787
-2.930000	0.004931
-2.920000	0.005079
-2.910000	0.005231
-2.900000	0.005387
-2.890000	0.005547
-2.880000	0.005712
-2.870000	0.005880
-2.860000	0.006053
-2.850000	0.006231
-2.840000	0.006413
-2.830000	0.006600
-2.820000	0.006791
-2.810000	0.006987
-2.800000	0.007189
-2.790000	0.007395
-2.780000	0.007606
-2.770000	0.007823
-2.760000	0.008045
-2.750000	0.008273
-2.740000	0.008506
-2.730000	0.008745
-2.720000	0.008990
-2.710000	0.009241
-2.700000	0.009498
-2.690000	0.009761
-2.680000	0.010030
-2.670000	0.010306
-2.660000	0.010588
-2.650000	0.010877
-2.640000	0.011172
-2.630000	0.011475
-2.620000	0.011785
-2.610000	0.012101
-2.600000	0.012425
-2.590000	0.012757
-2.580000	0.013096
-2.570000	0.013442
-2.560000	0.013797
-2.550000	0.014159
-2.540000	0.014530
-2.530000	0.014908
-2.520000	0.015295
-2.510000	0.015691
-2.500000	0.016095
-2.490000	0.016508
-2.480000	0.016930
-2.470000	0.017361
-2.460000	0.017801
-2.450000	0.018250
-2.440000	0.018709
-2.430000	0.019178
-2.420000	0.019656
-2.410000	0.020144
-2.400000	0.020643
-2.390000	0.021151
-2.380000	0.021670
-2.370000	0.022200
-2.360000	0.022740
-2.350000	0.023291
-2.340000	0.023853
-2.330000	0.024426
-2.320000	0.025010
-2.310000	0.025606
-2.300000	0.026213
-2.290000	0.026832
-2.280000	0.027463
-2.270000	0.028106
-2.260000	0.028762
-2.250000	0.029429
-2.240000	0.030109
-2.230000	0.030802
-2.220000	0.031508
-2.210000	0.032226
-2.200000	0.032958
-2.190000	0.033703
-2.180000	0.034461
-2.170000	0.035233
-2.160000	0.036018
-2.150000	0.036818
-2.140000	0.037631
-2.130000	0.038458
-2.120000	0.039300
-2.110000	0.040156
-2.100000	0.041027
-2.090000	0.041912
-2.080000	0.042813
-2.070000	0.043728
-2.060000	0.044658
-2.050000	0.045604
-2.040000	0.046565
-2.030000	0.047541
-2.020000	0.048533
-2.010000	0.049541
-2.000000	0.050565
-1.990000	0.051604
-1.980000	0.052660
-1.970000	0.053732
-1.960000	0.054820
-1.950000	0.055925
-1.940000	0.057047
-1.930000	0.058185
-1.920000	0.059340
-1.910000	0.060511
-1.900000	0.061700
-1.890000	0.062906
-1.880000	0.064129
-1.870000	0.065369
-1.860000	0.066626
-1.850000	0.067901
-1.840000	0.069193
-1.830000	0.070503
-1.820000	0.071830
-1.810000	0.073176
-1.800000	0.074538
-1.790000	0.075919
-1.780000	0.077317
-1.770000	0.078734
-1.760000	0.080168
-1.750000	0.081620
-1.740000	0.083090
-1.730000	0.084578
-1.720000	0.086084
-1.710000	0.087609
-1.700000	0.089151
-1.690000	0.090711
-1.680000	0.092290
-1.670000	0.093886
-1.660000	0.095501
-1.650000	0.097133
-1.640000	0.098784
-1.630000	0.100452
-1.620000	0.102138
-1.610000	0.103843
-1.600000	0.105565
-1.590000	0.107305
-1.580000	0.109062
-1.570000	0.110838
-1.560000	0.112631
-1.550000	0.114441
-1.540000	0.116269
-1.530000	0.118114
-1.520000	0.119976
-1.510000	0.121856
-1.500000	0.123753
-1.490000	0.125666
-1.480000	0.127596
-1.470000	0.129543
-1.460000	0.131506
-1.450000	0.133486
-1.440000	0.135482
-1.430000	0.137494
-1.420000	0.139522
-1.410000	0.141565
-1.400000	0.143624
-1.390000	0.145698
-1.380000	0.147788
-1.370000	0.149892
-1.360000	0.152011
-1.350000	0.154144
-1.340000	0.156292
-1.330000	0.158453
-1.320000	0.160628
-1.310000	0.162817
-1.300000	0.165019
-1.290000	0.167234
-1.280000	0.169462
-1.270000	0.171702
-1.260000	0.173954
-1.250000	0.176218
-1.240000	0.178493
-1.230000	0.180780
-1.220000	0.183077
-1.210000	0.185385
-1.200000	0.187703
-1.190000	0.190031
-1.180000	0.192369
-1.170000	0.194716
-1.160000	0.197071
-1.150000	0.199435
-1.140000	0.201807
-1.130000	0.204186
-1.120000	0.206573
-1.110000	0.208967
-1.100000	0.211367
-1.090000	0.213773
-1.080000	0.216185
-1.070000	0.218602
-1.060000	0.221023
-1.050000	0.223449
-1.040000	0.225879
-1.030000	0.228312
-1.020000	0.230748
-1.010000	0.233187
-1.000000	0.235627
-0.990000	0.238070
-0.980000	0.240513
-0.970000	0.242957
-0.960000	0.245400
-0.950000	0.247844
-0.940000	0.250286
-0.930000	0.252728
-0.920000	0.255167
-0.910000	0.257603
-0.900000	0.260037
-0.890000	0.262468
-0.880000	0.264894
-0.870000	0.267316
-0.860000	0.269732
-0.850000	0.272143
-0.840000	0.274548
-0.830000	0.276946
-0.820000	0.279337
-0.810000	0.281720
-0.800000	0.284095
-0.790000	0.286461
-0.780000	0.288818
-0.770000	0.291164
-0.760000	0.293500
-0.750000	0.295825
-0.740000	0.298138
-0.730000	0.300438
-0.720000	0.302726
-0.710000	0.305001
-0.700000	0.307262
-0.690000	0.309508
-0.680000	0.311739
-0.670000	0.313954
-0.660000	0.316154
-0.650000	0.318336
-0.640000	0.320501
-0.630000	0.322649
-0.620000	0.324778
-0.610000	0.326888
-0.600000	0.328978
-0.590000	0.331048
-0.580000	0.333098
-0.570000	0.335127
-0.560000	0.337133
-0.550000	0.339118
-0.540000	0.341080
-0.530000	0.343018
-0.520000	0.344933
-0.510000	0.346823
-0.500000	0.348689
-0.490000	0.350528
-0.480000	0.352343
-0.470000	0.354130
-0.460000	0.355891
-0.450000	0.357624
-0.440000	0.359330
-0.430000	0.361007
-0.420000	0.362655
-0.410000	0.364274
-0.400000	0.365864
-0.390000	0.367423
-0.380000	0.368951
-0.370000	0.370448
-0.360000	0.371914
-0.350000	0.373348
-0.340000	0.374749
-0.330000	0.376118
-0.320000	0.377453
-0.310000	0.378755
-0.300000	0.380023
-0.290000	0.381257
-0.280000	0.382456
-0.270000	0.383620
-0.260000	0.384748
-0.250000	0.385841
-0.240000	0.386898
-0.230000	0.387919
-0.220000	0.388903
-0.210000	0.389850
-0.200000	0.390759
-0.190000	0.391632
-0.180000	0.392466
-0.170000	0.393263
-0.160000	0.394021
-0.150000	0.394741
-0.140000	0.395422
-0.130000	0.396064
-0.120000	0.396668
-0.110000	0.397231
-0.100000	0.397756
-0.090000	0.398241
-0.080000	0.398686
-0.070000	0.399091
-0.060000	0.399457
-0.050000	0.399782
-0.040000	0.400067
-0.030000	0.400311
-0.020000	0.400516
-0.010000	0.400680
0.000000	0.400803
0.010000	0.400886
0.020000	0.400928
0.030000	0.400930
0.040000	0.400891
0.050000	0.400812
0.060000	0.400692
0.070000	0.400532
0.080000	0.400331
0.090000	0.400090
0.100000	0.399809
0.110000	0.399487
0.120000	0.399125
0.130000	0.398724
0.140000	0.398282
0.150000	0.397801
0.160000	0.397280
0.170000	0.396719
0.180000	0.396120
0.190000	0.395481
0.200000	0.394803
0.210000	0.394087
0.220000	0.393332
0.230000	0.392539
0.240000	0.391708
0.250000	0.390839
0.260000	0.389932
0.270000	0.388989
0.280000	0.388008
0.290000	0.386991
0.300000	0.385937
0.310000	0.384847
0.320000	0.383722
0.330000	0.382561
0.340000	0.381365
0.350000	0.380135
0.360000	0.378870
0.370000	0.377571
0.380000	0.376238
0.390000	0.374873
0.400000	0.373474
0.410000	0.372043
0.420000	0.370580
0.430000	0.369086
0.440000	0.367560
0.450000	0.366004
0.460000	0.364417
0.470000	0.362801
0.480000	0.361155
0.490000	0.359481
0.500000	0.357778
0.510000	0.356047
0.520000	0.354288
0.530000	0.352503
0.540000	0.350691
0.550000	0.348854
0.560000	0.346990
0.570000	0.345102
0.580000	0.343190
0.590000	0.341253
0.600000	0.339294
0.610000	0.337311
0.620000	0.335306
0.630000	0.333280
0.640000	0.331232
0.650000	0.329163
0.660000	0.327075
0.670000	0.324966
0.680000	0.322839
0.690000	0.320693
0.700000	0.318530
0.710000	0.316349
0.720000	0.314151
0.730000	0.311937
0.740000	0.309707
0.750000	0.307462
0.760000	0.305203
0.770000	0.302929
0.780000	0.300642
0.790000	0.298343
0.800000	0.296031
0.810000	0.293707
0.820000	0.291372
0.830000	0.289027
0.840000	0.286671
0.850000	0.284306
0.860000	0.281932
0.870000	0.279549
0.880000	0.277159
0.890000	0.274761
0.900000	0.272357
0.910000	0.269947
0.920000	0.267530
0.930000	0.265109
0.940000	0.262683
0.950000	0.260253
0.960000	0.257820
0.970000	0.255383
0.980000	0.252944
0.990000	0.250503
1.000000	0.248061
1.010000	0.245617
1.020000	0.243173
1.030000	0.240729
1.040000	0.238286
1.050000	0.235844
1.060000	0.233403
1.070000	0.230964
1.080000	0.228528
1.090000	0.226094
1.100000	0.223664
1.110000	0.221238
1.120000	0.218816
1.130000	0.216399
1.140000	0.213986
1.150000	0.211580
1.160000	0.209179
1.170000	0.206785
1.180000	0.204397
1.190000	0.202017
1.200000	0.199645
1.210000	0.197280
1.220000	0.194924
1.230000	0.192576
1.240000	0.190238
1.250000	0.187909
1.260000	0.185590
1.270000	0.183281
1.280000	0.180982
1.290000	0.178695
1.300000	0.176418
1.310000	0.174153
1.320000	0.171900
1.330000	0.169659
1.340000	0.167430
1.350000	0.165214
1.360000	0.163011
1.370000	0.160821
1.380000	0.158645
1.390000	0.156482
1.400000	0.154333
1.410000	0.152198
1.420000	0.150078
1.430000	0.147973
1.440000	0.145882
1.450000	0.143806
1.460000	0.141746
1.470000	0.139701
1.480000	0.137672
1.490000	0.135659
1.500000	0.133661
1.510000	0.131680
1.520000	0.129715
1.530000	0.127767
1.540000	0.125835
1.550000	0.123920
1.560000	0.122022
1.570000	0.120141
1.580000	0.118277
1.590000	0.116430
1.600000	0.114601
1.610000	0.112789
1.620000	0.110994
1.630000	0.109218
1.640000	0.107458
1.650000	0.105717
1.660000	0.103993
1.670000	0.102287
1.680000	0.100599
1.690000	0.098929
1.700000	0.097277
1.710000	0.095643
1.720000	0.094027
1.730000	0.092429
1.740000	0.090849
1.750000	0.089287
1.760000	0.087743
1.770000	0.086217
1.780000	0.084709
1.790000	0.083220
1.800000	0.081748
1.810000	0.080294
1.820000	0.078858
1.830000	0.077440
1.840000	0.076040
1.850000	0.074658
1.860000	0.073294
1.870000	0.071947
1.880000	0.070618
1.890000	0.069307
1.900000	0.068013
1.910000	0.066737
1.920000	0.065478
1.930000	0.064236
1.940000	0.063012
1.950000	0.061804
1.960000	0.060614
1.970000	0.059441
1.980000	0.058285
1.990000	0.057145
2.000000	0.056022
2.010000	0.054916
2.020000	0.053826
2.030000	0.052753
2.040000	0.051695
2.050000	0.050654
2.060000	0.049629
2.070000	0.048620
2.080000	0.047627
2.090000	0.046649
2.100000	0.045686
2.110000	0.044740
2.120000	0.043808
2.130000	0.042891
2.140000	0.041990
2.150000	0.041103
2.160000	0.040231
2.170000	0.039374
2.180000	0.038531
2.190000	0.037702
2.200000	0.036887
2.210000	0.036087
2.220000	0.035300
2.230000	0.034527
2.240000	0.033768
2.250000	0.033022
2.260000	0.032289
2.270000	0.031569
2.280000	0.030863
2.290000	0.030169
2.300000	0.029488
2.310000	0.028819
2.320000	0.028163
2.330000	0.027518
2.340000	0.026886
2.350000	0.026266
2.360000	0.025658
2.370000	0.025061
2.380000	0.024476
2.390000	0.023902
2.400000	0.023339
2.410000	0.022787
2.420000	0.022246
2.430000	0.021715
2.440000	0.021195
2.450000	0.020686
2.460000	0.020187
2.470000	0.019697
2.480000	0.019218
2.490000	0.018749
2.500000	0.018289
2.510000	0.017839
2.520000	0.017398
2.530000	0.016966
2.540000	0.016544
2.550000	0.016130
2.560000	0.015725
2.570000	0.015329
2.580000	0.014941
2.590000	0.014562
2.600000	0.014190
2.610000	0.013827
2.620000	0.013472
2.630000	0.013125
2.640000	0.012785
2.650000	0.012453
2.660000	0.012129
2.670000	0.011811
2.680000	0.011501
2.690000	0.011198
2.700000	0.010902
2.710000	0.010612
2.720000	0.010329
2.730000	0.010053
2.740000	0.009783
2.750000	0.009520
2.760000	0.009263
2.770000	0.009011
2.780000	0.008766
2.790000	0.008526
2.800000	0.008293
2.810000	0.008065
2.820000	0.007842
2.830000	0.007625
2.840000	0.007413
2.850000	0.007206
2.860000	0.007004
2.870000	0.006807
2.880000	0.006616
2.890000	0.006428
2.900000	0.006246
2.910000	0.006068
2.920000	0.005895
2.930000	0.005726
2.940000	0.005561
2.950000	0.005401
2.960000	0.005244
2.970000	0.005092
2.980000	0.004944
2.990000	0.004799
3.000000	0.004658
3.010000	0.004521
3.020000	0.004388
3.030000	0.004258
3.040000	0.004131
3.050000	0.004008
3.060000	0.003888
3.070000	0.003772
3.080000	0.003658
3.090000	0.003548
3.100000	0.003440
3.110000	0.003336
3.120000	0.003234
3.130000	0.003135
3.140000	0.003039
3.150000	0.002945
3.160000	0.002855
3.170000	0.002766
3.180000	0.002680
3.190000	0.002597
3.200000	0.002516
3.210000	0.002437
3.220000	0.002360
3.230000	0.002286
3.240000	0.002214
3.250000	0.002143
3.260000	0.002075
3.270000	0.002009
3.280000	0.001945
3.290000	0.001882
3.300000	0.001822
3.310000	0.001763
3.320000	0.001706
3.330000	0.001650
3.340000	0.001597
3.350000	0.001544
3.360000	0.001494
3.370000	0.001445
3.380000	0.001397
3.390000	0.001351
3.400000	0.001306
3.410000	0.001263
3.420000	0.001221
3.430000	0.001180
3.440000	0.001140
3.450000	0.001102
3.460000	0.001065
3.470000	0.001029
3.480000	0.000994
3.490000	0.000960
3.500000	0.000928
3.510000	0.000896
3.520000	0.000865
3.530000	0.000835
3.540000	0.000807
3.550000	0.000779
3.560000	0.000752
3.570000	0.000726
3.580000	0.000700
3.590000	0.000676
3.600000	0.000652
3.610000	0.000629
3.620000	0.000607
3.630000	0.000586
3.640000	0.000565
3.650000	0.000545
3.660000	0.000526
3.670000	0.000507
3.680000	0.000489
3.690000	0.000471
3.700000	0.000454
3.710000	0.000438
3.720000	0.000422
3.730000	0.000407
3.740000	0.000392
3.750000	0.000378
3.760000	0.000364
3.770000	0.000351
3.780000	0.000338
3.790000	0.000325
3.800000	0.000313
3.810000	0.000302
3.820000	0.000291
3.830000	0.000280
3.840000	0.000269
3.850000	0.000259
3.860000	0.000250
3.870000	0.000240
3.880000	0.000231
3.890000	0.000222
3.900000	0.000214
3.910000	0.000206
3.920000	0.000198
3.930000	0.000190
3.940000	0.000183
3.950000	0.000176
3.960000	0.000169
3.970000	0.000163
3.980000	0.000157
3.990000	0.000151
4.000000	0.000145
4.010000	0.000139
4.020000	0.000134
4.030000	0.000128
4.040000	0.000123
4.050000	0.000119
4.060000	0.000114
4.070000	0.000109
4.080000	0.000105
4.090000	0.000101
4.100000	0.000097
4.110000	0.000093
4.120000	0.000089
4.130000	0.000086
4.140000	0.000082
4.150000	0.000079
4.160000	0.000076
4.170000	0.000073
4.180000	0.000070
4.190000	0.000067
4.200000	0.000064
4.210000	0.000062
4.220000	0.000059
4.230000	0.000057
4.240000	0.000054
4.250000	0.000052
4.260000	0.000050
4.270000	0.000048
4.280000	0.000046
4.290000	0.000044
4.300000	0.000042
4.310000	0.000041
4.320000	0.000039
4.330000	0.000037
4.340000	0.000036
4.350000	0.000034
4.360000	0.000033
4.370000	0.000031
4.380000	0.000030
4.390000	0.000029
4.400000	0.000028
4.410000	0.000026
4.420000	0.000025
4.430000	0.000024
4.440000	0.000023
4.450000	0.000022
4.460000	0.000021
4.470000	0.000020
4.480000	0.000019
4.490000	0.000019
4.500000	0.000018
4.510000	0.000017
4.520000	0.000016
4.530000	0.000016
4.540000	0.000015
4.550000	0.000014
4.560000	0.000014
4.570000	0.000013
4.580000	0.000012
4.590000	0.000012
4.600000	0.000011
4.610000	0.000011
4.620000	0.000010
4.630000	0.000010
4.640000	0.000009
4.650000	0.000009
4.660000	0.000009
4.670000	0.000008
4.680000	0.000008
4.690000	0.000008
4.700000	0.000007
4.710000	0.000007
4.720000	0.000007
4.730000	0.000006
4.740000	0.000006
4.750000	0.000006
4.760000	0.000005
4.770000	0.000005
4.780000	0.000005
4.790000	0.000005
4.800000	0.000004
4.810000	0.000004
4.820000	0.000004
4.830000	0.000004
4.840000	0.000004
4.850000	0.000004
4.860000	0.000003
4.870000	0.000003
4.880000	0.000003
4.890000	0.000003
4.900000	0.000003
4.910000	0.000003
4.920000	0.000003
4.930000	0.000002
4.940000	0.000002
4.950000	0.000002
4.960000	0.000002
4.970000	0.000002
4.980000	0.000002
4.990000	0.000002
5.000000	0.000002
