# sigma = 1
# mu = 0
# Number of data = 1000
1.02484
0.921615
0.994694
-0.337141
-2.58154
-0.0269458
-4.81634
0.128584
-1.90275
-0.315991
2.42228
-0.54
-1.03542
-0.375112
39.2818
0.0675633
0.641599
1.42961
4.0626
-1.94707
3.50073
4.86712
-0.0976169
12.3785
-1.56316
-34.6103
-0.6413
1.30417
0.816069
-2.6351
-0.633583
6.85576
-0.394549
2.55603
-4.99861
1.1553
-63.8671
0.462832
-0.439172
0.289242
2.46176
1.7281
1.48999
-0.00584335
-5.81238
-0.637035
-0.88888
1.28066
-1.50582
21.2967
4.78253
-0.0599516
-1.72106
0.956095
0.938932
-4.64251
-1.31019
-0.110355
-0.549986
-1.10599
-0.415317
0.779598
-3.92228
0.566231
-0.451658
0.990936
1.50001
4.99629
1.17064
-2.05784
-1.59754
-0.305971
-0.949566
-0.00629608
-0.613128
4.30962
0.587647
-0.277733
-5.59459
0.5153
-2.54588
3.14556
-0.317123
-0.202888
2.403
-0.0517768
-0.838205
-2.19796
0.665816
1.61293
0.479046
0.0429614
-0.233501
-1.64066
-2.46747
1.66228
-1.63566
1.93635
0.0684752
0.0973862
-1.10647
1.20335
1.75842
-17.4576
-2.60081
0.0287391
-0.832804
-0.115517
-0.462536
11.6488
-0.266957
-2.84557
0.768702
2.03726
3.65364
-1.22534
0.206402
1.24143
-7.17733
-0.794788
-0.905996
-104.24
-14.1089
0.280504
0.378749
-0.682163
0.433016
1.13776
-0.379131
-0.841458
0.890439
-9.81395
0.378219
-178.049
-0.166702
-0.475624
-1.73559
1.11942
76.8508
-7.74016
9.95983
-1.49689
-2.95482
1.04905
-0.78088
0.120155
0.470948
-0.699196
0.177133
-0.374951
-1.11323
0.13188
-4.38952
-0.146472
4.17975
4.20975
0.918458
-2.55577
2.11943
-2.27077
-0.433618
-6.37055
-1.97754
-0.861626
-0.667807
-0.112076
0.24992
-0.326458
2.73456
-0.742777
4.26254
-13.5149
-2.66933
-1.23643
-1.98773
0.978967
-0.409063
-1.06137
-1.42351
-3.28151
-2.32988
0.233804
-0.298968
-0.65571
0.164276
1.73407
-1.70407
-0.690069
-11.9807
0.199682
-0.545009
-0.75418
-0.410375
0.768729
4.8114
-0.650275
-1.83015
0.680605
0.0814034
-2.46667
-0.771467
0.0997343
0.223158
10.6999
1.07124
-0.331421
0.0833077
-0.030533
2.44609
0.0168945
0.0440145
-1.19832
-0.0685925
-0.685167
4.95482
-0.603908
0.717459
0.875936
-0.981285
1.17226
0.557645
-2.39808
-56.1492
1.35839
-0.364599
591.909
9.62113
1.15693
1.56098
6.17831
2.69541
0.27475
0.11146
19.2644
0.928649
2.66873
-1.11762
-0.878131
-3.3141
-1.29504
0.137734
-1.19153
6.36658
1.63199
6.19521
1.62762
0.91979
1.8787
-0.667144
27.4611
-4.62094
-0.748695
1.23214
-0.643033
3.03924
0.711268
-13.1601
2.40429
-5.19181
0.831005
-0.628996
-1.18419
-0.549116
0.694816
-0.315437
1.03806
-0.455415
-1.61537
0.256967
2.01142
0.190594
0.707444
-0.617209
-0.900103
-1.19169
-5.50334
0.495198
1.14128
0.948111
1.78401
0.108352
-1.40608
1.81185
3.70323
0.698102
-17.0017
-0.0410871
0.528682
2.58813
-0.681093
0.335743
-1.21092
166.831
0.122701
0.573388
-3.10034
-0.143076
1.61003
0.0509503
0.0018163
-23.9001
0.494978
2.76403
-0.147781
-2.32972
-0.521791
5.11555
1.73623
-3.08154
-2.84028
-1.52829
-1.3122
-0.899279
1.59768
0.587666
1.63977
7.58884
-6.72419
2.98708
-0.671103
2.25477
0.307029
-3.82974
44.2557
1.0607
-1.35737
0.388169
-1.6467
2.16494
-0.423625
-2.23482
-0.316374
0.446206
1.38475
-0.91531
0.118222
0.474908
0.424292
-0.462891
-0.232185
0.515227
-2.27587
7.64238
0.133571
-0.983885
5.04651
0.0937772
-0.49978
5.67444
0.0947824
1.6006
1.47978
1.39883
-15.978
0.263327
1.48907
-3.41993
-0.0348407
-0.935158
0.914155
0.7791
0.976598
2.71203
-1.25675
1.0338
1.38869
13.562
8.23924
0.0935248
2.80429
0.415065
1.70543
-0.79456
1.0415
0.310418
-2.47107
-25.151
-4.89338
-24.9809
-6.15013
-1.25196
0.385602
-0.48485
-0.253469
-2.48546
-9.15359
-0.106238
-0.589689
2.04332
1.00598
-0.244024
-3.1564
2.05693
-0.553786
0.718206
1.27361
0.0911873
0.515821
0.764735
-0.251168
-3.53738
-0.442595
2.00237
5.22769
-1.49591
-0.530919
5.08317
-0.841686
0.100438
16.0559
1.12245
0.060571
-2.03648
-1.16484
-1.90956
4.62649
-0.605243
1.80735
-1.50437
1.45886
-2.01471
2.26406
-3.71004
4.27161
1.71885
0.700896
-2.40081
5.23644
0.665775
0.225678
-0.059922
-0.373708
1.97903
0.601352
-0.119516
-0.54727
-2.49786
1.64865
-1.00347
-2.23126
-4.59837
-7.21682
4.94015
-1.17699
-0.265461
-9.61801
-0.315192
1.49398
1.90373
-2.16775
1.72221
-1.31277
0.12309
-1.30026
0.0770618
0.381714
14.9239
0.794795
3.82951
-0.373715
3.41169
0.363104
-0.1516
0.555994
-25.3989
0.694203
6.48913
-0.449898
-0.736018
-0.381427
0.224017
4.8806
0.107252
1.14728
-0.287594
0.22066
-0.20621
0.935112
1.2632
0.435025
-0.46093
-1.04906
-1.56019
-0.756301
7.47167
-10.0368
0.160668
1.02834
-7.27348
0.382927
1.98436
-2.41642
-2.50638
10.8775
-2.85444
-1.56166
-0.986526
-18.0368
-0.409662
-0.977249
4.34861
0.485905
-0.62078
-0.722008
-0.953076
0.865907
-0.301279
6.91415
0.308615
-0.206085
-0.793528
0.965593
1.53679
-0.436573
1.37807
-4.19871
1.32656
-0.527157
-45.2717
-1.1224
-0.447398
1.106
77.8134
3.12726
-0.0533328
-0.559655
0.667968
13.7273
0.0542677
1.6624
11.7709
-23.6342
-0.521449
-0.31195
2.36136
-14.1164
-0.492597
0.421082
31.0905
-4.20594
0.513072
0.0572296
-0.175539
-1.1628
2.40108
-2.35785
0.870616
0.569086
1.12954
2.45658
-0.014722
-1.90914
-1.65125
-0.348502
-1.18091
-5.34221
-1.74427
-2.39019
-2.3799
-0.975677
-0.617572
0.385949
0.595299
-5.57649
0.273188
-1.86558
0.0739958
-2.24898
0.256904
23.9324
1.47557
1.01737
0.236865
1.40933
0.494944
0.239258
-6.42508
0.12899
-0.404911
-14.1233
-1.37778
4.721
-0.408374
-12.1059
-54.473
0.220921
3.01451
0.0618483
0.249473
-0.274819
-0.277025
5.03082
1.50975
-5.77496
1.17782
1.42755
-0.958574
23.4282
1.67934
-3.34643
2.93529
0.32038
-0.209946
-0.161523
1.21567
-2.90165
5.16006
-1.63489
-4.18942
1.22364
11.5038
0.65034
-0.912071
4.44851
-1.21399
-1.92428
7.58512
-0.0103813
0.213529
-0.011723
0.968414
28.3759
-0.037275
-0.290168
4.92037
-5.81848
3.18355
-3.7979
-2.45907
-2.16062
8.07992
-1.68919
-1.53973
1.85623
4.76841
-0.197154
-0.406571
-1.098
-0.335097
-2.92158
39.2078
8.4871
-0.632684
3.26956
2.75928
0.181013
0.280166
-0.67906
2.43534
3.39902
1.81485
2.44809
-0.430073
-3.10999
0.515396
-0.246614
0.538268
-0.199295
-2.64941
0.471313
4.51844
0.707137
1.75197
-1.80388
0.849936
0.795882
1.96366
-3.11704
-0.239273
-1.32239
0.251902
0.219244
-3.21734
0.199374
-0.262221
-0.831896
0.00768412
-0.563254
0.22213
43.5934
7.35673
42.8518
0.511045
-0.577298
-2.16244
1.72738
0.983724
0.284354
-0.286858
-0.258087
-0.354857
0.83954
1.94632
0.712849
-0.148332
140.069
-5.74669
0.296312
-0.287001
-0.359556
-2.87849
3.30568
3.31467
0.320448
-1.1384
-2.28093
-0.216453
-7.58721
-1.00957
-0.700696
-0.705775
-4.59355
-3.04502
0.657952
1.27577
-0.903223
-1.49071
3.09785
-2.5981
0.13718
9.00788
-31.9976
-1.27842
1.53173
-0.144624
-15.5931
0.66198
0.239831
-0.649254
-3.39415
-4.25555
3.05529
-3.67189
0.570513
0.199464
-1.76732
0.960839
0.0732177
2.90196
1.8203
0.352495
37.8407
-0.200781
0.914643
-1.08001
0.999959
-0.775305
1.17798
-0.183379
-0.823555
-3.14685
-0.778119
0.83816
4.05349
0.285044
-7.38467
-0.172447
-1.34576
0.389814
-0.256711
11.8631
-0.301293
1.29733
-1.81684
-0.0832599
1.13771
6.62705
-0.538132
0.236494
1.69442
-0.136347
0.74174
-0.0213458
-0.806866
3.63948
0.109747
4.68048
-0.551645
-0.0915086
0.0455141
-1.31712
-0.944308
0.924576
-0.428145
-0.112131
2.28631
1.57635
-0.416066
1.08039
0.179013
22.5506
-2.43993
-0.0707779
0.413131
0.457769
-6.87844
0.77776
-0.0381394
-2.32122
0.712229
6.02298
-0.803198
2.64634
17.6185
-0.392162
-17.6111
-0.198717
0.632932
-16.9625
-1.5607
-0.349282
-0.0245171
-1.43898
-0.410282
-1.51214
0.69685
-1.32654
18.2176
-1.44127
7.22816
16.2923
0.338299
1.49699
1.31044
2.73689
-2.05028
-0.268287
-0.565368
0.599373
-1.20593
-0.505487
0.834278
-1.74544
1.51239
-1.07922
-1.35137
-0.323772
-5.56807
0.656433
-0.473814
-1.23851
-3.6367
1.94655
-2.87926
1.7242
-0.0404787
5.74947
-2.15147
-1.85194
-1.33261
-5.37143
-1.83418
-7.34453
-1.63979
0.558424
-30.7171
-1.17129
4.06927
-0.0833173
4.79108
0.958387
-1.43507
-1.34923
4.53584
-2.58932
-1.99527
-4.12106
-1.10021
0.76704
1.27848
-1.38057
0.597042
0.661741
-0.0804209
1.43934
1.10383
-0.21143
-0.179416
2.46343
-0.300879
0.112165
-0.978116
-1.64182
1.90951
-0.382345
0.334048
-2.09927
-2.08922
0.867424
1.03017
1.45463
-1.15868
0.396193
-1.44326
-2.10209
-0.338168
-0.936219
2.22548
0.167443
1.22853
1.14544
0.205095
0.075046
-0.499935
1.59126
-1.79243
0.681949
0.677759
-0.0817191
-0.0525038
0.576513
6.65941
4.15614
-7.84913
0.564038
3.45728
0.785284
-0.363888
-2.01122
0.982689
-0.386343
-1.15636
-0.113065
-3.61433
0.584654
0.157806
-0.84301
1.41197
-0.413257
0.428629
-9.95644
-2.30313
-0.798105
89.5178
-12.7139
6.16918
0.0067882
0.0879051
1.54018
1.40376
0.14432
7.69281
3.76497
-9.34021
0.592982
-5.33212
26.0653
1.82268
10.095
1.03914
0.605174
8.94839
2.26876
-2.61742
-0.664342
-0.843656
1.3667
0.197254
-0.402529
0.112638
-1.70296
1.76762
0.799111
-0.398955
-0.624429
1.66449
21.3193
0.48293
-0.0179327
2.18079
14.7011
0.581395
1.6365
-5.95465
2.00616
1.39861
0.506886
-0.123118
-1.34235
-0.962693
2.53521
-0.848466
0.528498
0.364421
-5.20546
0.381599
-2.284
-0.659463
0.637762
-3.89853
-0.253769
0.0694906
0.0498087
0.0736819
-0.401152
0.560308
2.03049
0.175228
0.158889
-0.310078
