# sigma = 1
# mu = 0
# Number of data = 1000
0.558304
-1.25492
0.179943
0.21815
-9.69515
-109.459
-0.302566
0.213151
-4.00468
-0.453277
0.584857
0.558291
-1.46926
-1.65658
-0.0640363
0.875255
-7.23434
-10.3713
1.31684
4.28258
-0.676786
-0.0486287
8.67799
-2.45818
-3.21547
0.737738
-0.354159
0.000486462
-0.533916
0.671003
0.391615
-1.67801
-4.82651
-0.324682
-0.120476
-0.790026
5.72193
-2.40996
-0.331804
0.697592
1.08822
-0.29655
0.0319465
-1.40174
0.0752998
0.148079
1.46967
0.162191
-0.973911
0.672968
-1.13603
-0.755742
-16.9921
-8.64278
0.425873
0.961809
1.40131
1.45383
2.02013
0.233396
1.80041
1.50974
-0.15553
-1.23939
-0.240343
-0.43837
0.663788
0.11174
11.7927
0.503825
0.0203458
-0.153473
0.40732
45.8956
1.90364
0.939564
-0.335612
-0.447593
-0.129072
-1.67876
0.47011
111.347
0.311011
0.546281
33.071
-0.228099
4.79028
2.06685
-6.24972
0.250259
0.241217
0.8067
-0.80382
-0.405434
0.386107
-4.16728
-0.910329
-3.59952
-1.65196
1.12384
2.69719
-0.731452
-0.797996
2.25786
0.200705
0.391632
-3.09675
1.10989
2.66513
-0.915667
-34.3027
-0.571682
1.24234
-2.41317
1.15533
-0.310285
-2.64426
-3.39814
-1.6291
-1.58364
1.05424
-1.87738
0.417822
-0.113936
0.981154
-0.244736
1.48661
-1.43372
0.534663
6.23133
0.0375528
-1.03585
-0.664693
-0.717348
2.7361
-0.203097
-0.595586
0.118446
0.227537
-0.351735
-5.83423
-8.35907
-0.739022
15.2993
2.01327
2.25769
-1.16987
10.6375
-0.798833
0.127942
-0.537511
-1.82451
15.0875
5.62582
0.225616
-0.664142
3.45025
-1.13761
-0.335845
1.16742
0.884654
0.616295
0.406339
-0.884993
19.3042
-0.113273
1.26657
-2.37537
2.95693
-1.06619
0.716893
-0.467998
2.93084
0.72251
-0.245885
7.09035
-39.0224
0.113172
2.11968
-0.844452
0.821131
0.77123
-1.12868
3.08374
0.386328
0.388355
-0.164744
-25.8907
-0.0923113
0.145526
1.31155
-39.4049
-0.0821706
0.727791
-0.282537
-0.37345
0.861272
0.134975
2.34885
-0.877122
-0.22603
-1.12124
-1.03158
-0.973731
1.39885
1.1147
1.67517
0.324124
0.613309
-0.0637238
1.49747
4.53603
0.29286
-0.450481
0.0835976
0.129514
3.06406
-0.0304308
-0.439939
4.32901
4.42279
1.06693
1.62193
-8.36735
-2.69153
-0.157728
2.16505
-0.0292876
0.287091
-0.526493
4.9264
0.287078
-0.273349
-0.141525
2.77184
0.563272
0.235397
-0.189858
1.07424
0.763012
-0.85282
-9.82152
10.0134
-0.85571
-8.63186
-0.237665
-4.26055
-4.75722
-0.690813
0.437039
-1.04761
-0.168
0.666251
1.03522
2.73392
-2.47438
1.06449
-4.52752
-0.160438
2.16389
-0.0388866
2.13772
-0.250837
0.959402
11.2893
0.124681
0.0128824
-0.394235
-40.7559
-0.393661
-0.88043
-0.293703
-243.155
-4.46951
-0.998278
0.613055
27.7669
-1.6292
-1.77597
1.86007
-1.63978
-0.37515
-4.32541
12.4525
1.44585
-9.97632
0.205277
0.423694
3.82789
3.57917
-51.8715
3.72146
-1.4776
-0.705797
0.357163
-0.200724
-0.0380419
0.0733833
-0.481691
0.276556
0.273729
0.952756
2.25227
-1.63312
0.190099
-1.27796
0.620471
-2.37709
2.2437
1.40531
0.885126
-0.254226
0.141108
2.21364
-0.931242
-1.29778
0.187257
-0.266389
-0.267145
2.5689
0.770498
-0.642915
-0.130315
-0.0791436
-0.771934
-0.348987
-4.5724
-0.343163
-0.73951
-0.339407
0.0268442
-0.0929915
0.644675
-5.64846
1.62156
-1.77648
-43.4363
-8.46538
-0.544366
-2.54462
-0.124214
-15.1296
2.22391
0.0824386
0.808106
-1.30791
-0.478168
0.499909
-0.0397441
0.823304
0.442636
25.9957
4.22349
3.79452
0.197107
0.160529
0.252663
0.043424
0.828338
6.87741
2.85014
-0.0832196
0.900356
0.761279
1.52808
1.32242
-2.67698
24.7416
-0.400766
0.0746035
0.144659
0.267634
-6.06134
1.04005
-0.576321
-2.02097
-0.22181
-0.210105
0.74246
-4.7283
-3.40971
0.70494
0.42722
1.18359
-2.90915
-0.0299253
1.48843
1.32693
0.614767
0.411378
-4.2161
-1.64042
-0.0831973
-0.487026
0.98218
-0.982614
-1.55851
3.0397
2.44954
-0.0582166
-1.233
-0.265302
-7.00736
5.86801
-0.0114756
-0.196608
1.29299
-0.84423
-0.689247
0.403473
-0.722256
-0.218563
-0.0907492
-4.00142
-0.437436
91.0335
1.22942
1.39216
0.866431
0.566626
-20.2494
0.0670121
1.31969
1.36028
-1.55933
0.023703
-0.263484
-1.1441
2.03839
-1.64093
-0.139787
0.430737
-0.656585
-0.514279
0.448621
0.139809
-0.369075
-0.660096
-0.453886
0.226015
-0.849525
-0.174115
1.54297
-0.329779
-3.9679
-6.77824
0.226852
0.316763
-1.01574
1.63634
-0.198475
-0.564304
1.0959
-0.546453
0.125795
-0.618942
0.359519
0.301404
-16.1611
1.32212
-0.981506
1.18555
-0.568309
0.0658174
7.62843
-3.71714
0.152876
-0.481298
-0.462007
0.214257
-0.471694
0.649647
0.619558
4.7081
3.37665
-1.87792
0.496959
-16.385
0.0641436
-1.02089
-1.94623
-0.0844226
1.09238
0.638554
0.462259
1.25028
72.7016
1.23698
0.347783
-2.37332
1.3154
0.431895
0.562816
0.252666
0.748437
0.225831
-0.0284754
-0.332435
-0.24184
-2.84997
-0.549178
-1.72023
0.216362
-0.567939
-0.353342
7.53408
1.29675
0.0953492
-0.301327
0.0667953
1.33189
-1.64355
-4.04654
-0.788668
0.265332
-0.564728
-0.272414
0.86323
-2.09916
-2.94507
-0.637709
1.57741
0.540052
-105.318
-1.87272
-1.58053
-0.735183
0.947216
-1.47162
0.234958
0.0914975
0.650334
0.0212136
0.445097
1.12921
-2.64217
0.289522
4.11925
-2.10138
-331.563
-1.28179
-0.977556
1.61067
0.309677
-0.161204
2.03639
23.1516
0.380739
-0.860787
-0.65728
1.42507
39.4553
0.992806
-2.40043
-0.479333
0.129235
-0.983902
-1.24301
7.82602
-2.20173
-0.750928
0.824834
-1.45128
0.565333
-6.39344
-8.06897
0.26956
5.10093
0.822039
-1.09006
7.37663
0.504762
-2.64057
4.62564
-0.37043
-1.11196
-0.340312
-0.0769709
-0.386987
0.616657
1.91149
0.291368
0.466645
0.145346
-2.84466
0.393294
-0.125774
-6.75203
2.02709
1.53398
-0.357126
-0.20576
0.617647
-4.11364
0.538317
-0.402036
2.04089
0.630412
-0.315367
-0.709312
0.0547556
-3.76737
-3.05278
-6.43386
-1.37508
-0.174489
-1.64562
-11.0145
0.900512
1.2555
-0.445503
-2.85553
-1.57698
-0.695159
1.39262
0.681337
-5.98075
1.68737
2.72487
-0.706932
-7.74512
0.040746
-4.18082
0.187918
-1.54391
-0.267457
-3.87744
2.21869
-0.469536
-0.398061
-7.17188
0.763975
-3.00334
-0.368469
-0.68867
1.84975
1.54963
-0.587992
-0.551364
5.26565
-1.03659
-0.441268
-1.53168
-2.34108
1.04274
-0.584168
0.683095
2.81482
0.118259
10.961
-4.50882
-0.883856
-0.381149
-36.4966
-0.637208
0.00360759
1.7693
-0.240598
-0.55617
0.433954
-0.419823
-1.0681
0.0107217
-0.554825
-7.56353
0.710943
12.1792
0.253008
1.31204
-3.33069
8.34775
-0.583101
0.509852
1.5261
-0.878694
2.06979
9.06133
-2.76376
-2.79275
-0.153411
-2.03317
-2.70592
-14.562
2.24384
-2.05839
-7.77059
-0.617122
7.09171
-3.40084
-0.245236
23.4518
0.0967815
-0.503163
0.219968
-3.03988
-1.0422
-1.06747
1.11778
-0.868097
0.0838305
-11.1389
3.28094
-0.709564
0.216638
-2.64604
-2.63552
-2.08881
0.953126
-1.17474
1.73099
0.491684
-3.66932
0.446905
-0.493774
-6.92859
-0.407666
-5.52671
-0.0733939
-1.51441
0.0103342
0.835419
-2.93905
0.785112
-0.443961
-0.0812744
0.319257
-4.28573
-21.1679
-1.54092
-0.575492
0.813466
-1.02636
13.5702
-4.03348
0.446749
-0.380677
0.193304
-0.799196
-0.196825
-0.266148
2.89809
2.4347
1.26868
-0.60258
-0.675211
-0.452899
2.53514
0.173351
-1.93931
2.3322
0.606159
0.713814
-4.37222
0.104204
3.44266
10.276
0.141747
0.0208751
0.839463
0.627399
0.223806
-0.636343
1.17327
0.368382
-0.32693
-0.0764704
0.7739
0.220617
0.56412
0.255905
6.72646
-0.9553
1.14405
-1.21592
-0.109232
-6.04039
0.428799
-3.80145
-0.114026
1.99045
0.502943
1.87071
2.18208
-0.211654
-1.21478
1.1206
0.879125
1.64224
-0.00879252
1.33542
-0.0785487
-9.0378
1.65277
7.14028
2.25602
0.315431
-15.2143
-1.45898
0.301796
0.195242
10.5667
-1.18443
5.71065
-4.40384
0.846701
-2.06818
-0.853821
0.445396
-31.2383
0.725508
0.577494
-0.436849
7.09834
-0.259378
0.396325
-0.861681
0.331063
-0.0720538
0.646484
5.92472
-0.22322
-2.27428
1.28314
-1.1328
-0.222572
-0.616098
3.96378
3.09925
0.470096
-1.25031
-0.47121
-0.215373
2.0984
-6.96219
4.37167
1.65375
-0.245676
0.384931
0.273509
0.454716
-2.71006
-0.384104
-0.369357
-2.78207
0.368124
-0.131153
2.7706
-2.74567
-2.0152
-1.08423
0.406204
0.280227
-2.41673
0.141982
-0.621761
-1.94475
5.80875
-0.141507
0.0628483
4.934
1.36536
0.999736
-0.178225
-3.74688
0.454924
1.44275
2.71198
-7.17487
-27.7969
-0.817612
-1.22843
-0.145476
-0.699331
1.42434
0.87171
-2.25971
-0.175937
0.395207
-12.9298
0.494928
-0.377379
3.37235
-0.22829
2.732
-0.315926
-0.234069
0.55783
4.07568
1.73027
0.0379046
-1.18555
-49.8371
42.686
0.144846
-0.151463
-0.0289615
-2.81255
2.00753
-0.623765
-0.0552472
-0.625994
-0.35341
0.331649
-1.9899
0.624236
-51.2971
0.568002
-0.881818
-0.811231
0.991913
0.248479
4.41613
1.14259
-1.82266
-1.35136
0.631495
0.190101
0.25179
-0.0866014
7.85801
-1.73099
1.2711
0.450941
-0.801248
1.27057
-1.92045
-5.37903
-5.37964
-3.82133
-0.00742618
-0.400145
0.611031
-0.61845
-0.0305108
0.0555688
-0.404715
0.596477
-0.180332
-7.11132
19.1948
0.861907
0.412124
1.25205
0.557315
6.26283
-0.332956
-1.60131
-6.96667
11.2904
-1.57865
9.63048
1.38541
-0.0880262
0.00325844
-0.822448
-0.154112
3.62133
-3.04791
1.50658
0.554916
-3.52106
0.219157
-0.356782
0.73937
-0.286477
-0.993066
1.69018
-0.334426
14.3259
0.00682223
6.43746
-0.085635
-0.95562
3.82693
-0.0194588
-0.00549563
0.695071
-0.435759
-0.654587
-36.8157
-1.293
16.0174
-0.565285
0.400007
5.08793
-14.4292
-0.686329
-50.9285
-1.55053
-0.532194
-0.343416
4.40426
1.32708
-0.891799
-2.08483
-3.34792
-1.59681
0.701424
0.801427
-1.69861
