# Posterior Distribution calculation
# Model: one Gaussian
# Configuration file: input_oneLorentz_histo.dat
# Sigma: 1 to 50, step 1
# Mu: -4 to 4, step 0.1
# Data file: LD_sample_1_histo.dat
# Data row: 7 to 210
# sigma_list[0] = 1
# sigma_list[1] = 2
# sigma_list[2] = 3
# sigma_list[3] = 4
# sigma_list[4] = 5
# sigma_list[5] = 6
# sigma_list[6] = 7
# sigma_list[7] = 8
# sigma_list[8] = 9
# sigma_list[9] = 10
# sigma_list[10] = 11
# sigma_list[11] = 12
# sigma_list[12] = 13
# sigma_list[13] = 14
# sigma_list[14] = 15
# sigma_list[15] = 16
# sigma_list[16] = 17
# sigma_list[17] = 18
# sigma_list[18] = 19
# sigma_list[19] = 20
# sigma_list[20] = 21
# sigma_list[21] = 22
# sigma_list[22] = 23
# sigma_list[23] = 24
# sigma_list[24] = 25
# sigma_list[25] = 26
# sigma_list[26] = 27
# sigma_list[27] = 28
# sigma_list[28] = 29
# sigma_list[29] = 30
# sigma_list[30] = 31
# sigma_list[31] = 32
# sigma_list[32] = 33
# sigma_list[33] = 34
# sigma_list[34] = 35
# sigma_list[35] = 36
# sigma_list[36] = 37
# sigma_list[37] = 38
# sigma_list[38] = 39
# sigma_list[39] = 40
# sigma_list[40] = 41
# sigma_list[41] = 42
# sigma_list[42] = 43
# sigma_list[43] = 44
# sigma_list[44] = 45
# sigma_list[45] = 46
# sigma_list[46] = 47
# sigma_list[47] = 48
# sigma_list[48] = 49
# sigma_list[49] = 50
# mu_list[0] = -4
# mu_list[1] = -3.9
# mu_list[2] = -3.8
# mu_list[3] = -3.7
# mu_list[4] = -3.6
# mu_list[5] = -3.5
# mu_list[6] = -3.4
# mu_list[7] = -3.3
# mu_list[8] = -3.2
# mu_list[9] = -3.1
# mu_list[10] = -3
# mu_list[11] = -2.9
# mu_list[12] = -2.8
# mu_list[13] = -2.7
# mu_list[14] = -2.6
# mu_list[15] = -2.5
# mu_list[16] = -2.4
# mu_list[17] = -2.3
# mu_list[18] = -2.2
# mu_list[19] = -2.1
# mu_list[20] = -2
# mu_list[21] = -1.9
# mu_list[22] = -1.8
# mu_list[23] = -1.7
# mu_list[24] = -1.6
# mu_list[25] = -1.5
# mu_list[26] = -1.4
# mu_list[27] = -1.3
# mu_list[28] = -1.2
# mu_list[29] = -1.1
# mu_list[30] = -1
# mu_list[31] = -0.9
# mu_list[32] = -0.8
# mu_list[33] = -0.7
# mu_list[34] = -0.6
# mu_list[35] = -0.5
# mu_list[36] = -0.4
# mu_list[37] = -0.3
# mu_list[38] = -0.2
# mu_list[39] = -0.1
# mu_list[40] = 0
# mu_list[41] = 0.1
# mu_list[42] = 0.2
# mu_list[43] = 0.3
# mu_list[44] = 0.4
# mu_list[45] = 0.5
# mu_list[46] = 0.6
# mu_list[47] = 0.7
# mu_list[48] = 0.8
# mu_list[49] = 0.9
# mu_list[50] = 1
# mu_list[51] = 1.1
# mu_list[52] = 1.2
# mu_list[53] = 1.3
# mu_list[54] = 1.4
# mu_list[55] = 1.5
# mu_list[56] = 1.6
# mu_list[57] = 1.7
# mu_list[58] = 1.8
# mu_list[59] = 1.9
# mu_list[60] = 2
# mu_list[61] = 2.1
# mu_list[62] = 2.2
# mu_list[63] = 2.3
# mu_list[64] = 2.4
# mu_list[65] = 2.5
# mu_list[66] = 2.6
# mu_list[67] = 2.7
# mu_list[68] = 2.8
# mu_list[69] = 2.9
# mu_list[70] = 3
# mu_list[71] = 3.1
# mu_list[72] = 3.2
# mu_list[73] = 3.3
# mu_list[74] = 3.4
# mu_list[75] = 3.5
# mu_list[76] = 3.6
# mu_list[77] = 3.7
# mu_list[78] = 3.8
# mu_list[79] = 3.9
# mu_list[80] = 4
# Free energy: 4537.79
# sigma mu posterior_distribution
1	-4	0
1	-3.9	0
1	-3.8	0
1	-3.7	0
1	-3.6	0
1	-3.5	0
1	-3.4	0
1	-3.3	0
1	-3.2	0
1	-3.1	0
1	-3	0
1	-2.9	0
1	-2.8	0
1	-2.7	0
1	-2.6	0
1	-2.5	0
1	-2.4	0
1	-2.3	0
1	-2.2	0
1	-2.1	0
1	-2	0
1	-1.9	0
1	-1.8	0
1	-1.7	0
1	-1.6	0
1	-1.5	0
1	-1.4	0
1	-1.3	0
1	-1.2	0
1	-1.1	0
1	-1	0
1	-0.9	0
1	-0.8	0
1	-0.7	0
1	-0.6	0
1	-0.5	0
1	-0.4	0
1	-0.3	0
1	-0.2	0
1	-0.1	0
1	0	0
1	0.1	0
1	0.2	0
1	0.3	0
1	0.4	0
1	0.5	0
1	0.6	0
1	0.7	0
1	0.8	0
1	0.9	0
1	1	0
1	1.1	0
1	1.2	0
1	1.3	0
1	1.4	0
1	1.5	0
1	1.6	0
1	1.7	0
1	1.8	0
1	1.9	0
1	2	0
1	2.1	0
1	2.2	0
1	2.3	0
1	2.4	0
1	2.5	0
1	2.6	0
1	2.7	0
1	2.8	0
1	2.9	0
1	3	0
1	3.1	0
1	3.2	0
1	3.3	0
1	3.4	0
1	3.5	0
1	3.6	0
1	3.7	0
1	3.8	0
1	3.9	0
1	4	0

2	-4	0
2	-3.9	0
2	-3.8	0
2	-3.7	0
2	-3.6	0
2	-3.5	0
2	-3.4	0
2	-3.3	0
2	-3.2	0
2	-3.1	0
2	-3	0
2	-2.9	0
2	-2.8	0
2	-2.7	0
2	-2.6	0
2	-2.5	0
2	-2.4	0
2	-2.3	0
2	-2.2	0
2	-2.1	0
2	-2	0
2	-1.9	0
2	-1.8	0
2	-1.7	0
2	-1.6	0
2	-1.5	0
2	-1.4	0
2	-1.3	0
2	-1.2	0
2	-1.1	0
2	-1	0
2	-0.9	0
2	-0.8	0
2	-0.7	0
2	-0.6	0
2	-0.5	0
2	-0.4	0
2	-0.3	0
2	-0.2	0
2	-0.1	0
2	0	0
2	0.1	0
2	0.2	0
2	0.3	0
2	0.4	0
2	0.5	0
2	0.6	0
2	0.7	0
2	0.8	0
2	0.9	0
2	1	0
2	1.1	0
2	1.2	0
2	1.3	0
2	1.4	0
2	1.5	0
2	1.6	0
2	1.7	0
2	1.8	0
2	1.9	0
2	2	0
2	2.1	0
2	2.2	0
2	2.3	0
2	2.4	0
2	2.5	0
2	2.6	0
2	2.7	0
2	2.8	0
2	2.9	0
2	3	0
2	3.1	0
2	3.2	0
2	3.3	0
2	3.4	0
2	3.5	0
2	3.6	0
2	3.7	0
2	3.8	0
2	3.9	0
2	4	0

3	-4	0
3	-3.9	0
3	-3.8	0
3	-3.7	0
3	-3.6	0
3	-3.5	0
3	-3.4	0
3	-3.3	0
3	-3.2	0
3	-3.1	0
3	-3	0
3	-2.9	0
3	-2.8	0
3	-2.7	0
3	-2.6	0
3	-2.5	0
3	-2.4	0
3	-2.3	0
3	-2.2	0
3	-2.1	0
3	-2	0
3	-1.9	0
3	-1.8	0
3	-1.7	0
3	-1.6	0
3	-1.5	0
3	-1.4	0
3	-1.3	0
3	-1.2	0
3	-1.1	0
3	-1	0
3	-0.9	0
3	-0.8	0
3	-0.7	0
3	-0.6	0
3	-0.5	0
3	-0.4	0
3	-0.3	0
3	-0.2	0
3	-0.1	0
3	0	0
3	0.1	0
3	0.2	0
3	0.3	0
3	0.4	0
3	0.5	0
3	0.6	0
3	0.7	0
3	0.8	0
3	0.9	0
3	1	0
3	1.1	0
3	1.2	0
3	1.3	0
3	1.4	0
3	1.5	0
3	1.6	0
3	1.7	0
3	1.8	0
3	1.9	0
3	2	0
3	2.1	0
3	2.2	0
3	2.3	0
3	2.4	0
3	2.5	0
3	2.6	0
3	2.7	0
3	2.8	0
3	2.9	0
3	3	0
3	3.1	0
3	3.2	0
3	3.3	0
3	3.4	0
3	3.5	0
3	3.6	0
3	3.7	0
3	3.8	0
3	3.9	0
3	4	0

4	-4	0
4	-3.9	0
4	-3.8	0
4	-3.7	0
4	-3.6	0
4	-3.5	0
4	-3.4	0
4	-3.3	0
4	-3.2	0
4	-3.1	0
4	-3	0
4	-2.9	0
4	-2.8	0
4	-2.7	0
4	-2.6	0
4	-2.5	0
4	-2.4	0
4	-2.3	0
4	-2.2	0
4	-2.1	0
4	-2	0
4	-1.9	0
4	-1.8	0
4	-1.7	0
4	-1.6	0
4	-1.5	0
4	-1.4	0
4	-1.3	0
4	-1.2	0
4	-1.1	0
4	-1	0
4	-0.9	0
4	-0.8	0
4	-0.7	0
4	-0.6	0
4	-0.5	0
4	-0.4	0
4	-0.3	0
4	-0.2	0
4	-0.1	0
4	0	0
4	0.1	0
4	0.2	0
4	0.3	0
4	0.4	0
4	0.5	0
4	0.6	0
4	0.7	0
4	0.8	0
4	0.9	0
4	1	0
4	1.1	0
4	1.2	0
4	1.3	0
4	1.4	0
4	1.5	0
4	1.6	0
4	1.7	0
4	1.8	0
4	1.9	0
4	2	0
4	2.1	0
4	2.2	0
4	2.3	0
4	2.4	0
4	2.5	0
4	2.6	0
4	2.7	0
4	2.8	0
4	2.9	0
4	3	0
4	3.1	0
4	3.2	0
4	3.3	0
4	3.4	0
4	3.5	0
4	3.6	0
4	3.7	0
4	3.8	0
4	3.9	0
4	4	0

5	-4	0
5	-3.9	0
5	-3.8	0
5	-3.7	0
5	-3.6	0
5	-3.5	0
5	-3.4	0
5	-3.3	0
5	-3.2	0
5	-3.1	0
5	-3	0
5	-2.9	0
5	-2.8	0
5	-2.7	0
5	-2.6	0
5	-2.5	0
5	-2.4	0
5	-2.3	0
5	-2.2	0
5	-2.1	0
5	-2	0
5	-1.9	0
5	-1.8	0
5	-1.7	0
5	-1.6	0
5	-1.5	0
5	-1.4	0
5	-1.3	0
5	-1.2	0
5	-1.1	0
5	-1	0
5	-0.9	0
5	-0.8	0
5	-0.7	0
5	-0.6	0
5	-0.5	0
5	-0.4	0
5	-0.3	0
5	-0.2	0
5	-0.1	0
5	0	0
5	0.1	0
5	0.2	0
5	0.3	0
5	0.4	0
5	0.5	0
5	0.6	0
5	0.7	0
5	0.8	0
5	0.9	0
5	1	0
5	1.1	0
5	1.2	0
5	1.3	0
5	1.4	0
5	1.5	0
5	1.6	0
5	1.7	0
5	1.8	0
5	1.9	0
5	2	0
5	2.1	0
5	2.2	0
5	2.3	0
5	2.4	0
5	2.5	0
5	2.6	0
5	2.7	0
5	2.8	0
5	2.9	0
5	3	0
5	3.1	0
5	3.2	0
5	3.3	0
5	3.4	0
5	3.5	0
5	3.6	0
5	3.7	0
5	3.8	0
5	3.9	0
5	4	0

6	-4	0
6	-3.9	0
6	-3.8	0
6	-3.7	0
6	-3.6	0
6	-3.5	0
6	-3.4	0
6	-3.3	0
6	-3.2	0
6	-3.1	0
6	-3	0
6	-2.9	0
6	-2.8	0
6	-2.7	0
6	-2.6	0
6	-2.5	0
6	-2.4	0
6	-2.3	0
6	-2.2	0
6	-2.1	0
6	-2	0
6	-1.9	0
6	-1.8	0
6	-1.7	0
6	-1.6	0
6	-1.5	0
6	-1.4	0
6	-1.3	0
6	-1.2	0
6	-1.1	0
6	-1	0
6	-0.9	0
6	-0.8	0
6	-0.7	0
6	-0.6	0
6	-0.5	0
6	-0.4	0
6	-0.3	0
6	-0.2	0
6	-0.1	0
6	0	0
6	0.1	0
6	0.2	0
6	0.3	0
6	0.4	0
6	0.5	0
6	0.6	0
6	0.7	0
6	0.8	0
6	0.9	0
6	1	0
6	1.1	0
6	1.2	0
6	1.3	0
6	1.4	0
6	1.5	0
6	1.6	0
6	1.7	0
6	1.8	0
6	1.9	0
6	2	0
6	2.1	0
6	2.2	0
6	2.3	0
6	2.4	0
6	2.5	0
6	2.6	0
6	2.7	0
6	2.8	0
6	2.9	0
6	3	0
6	3.1	0
6	3.2	0
6	3.3	0
6	3.4	0
6	3.5	0
6	3.6	0
6	3.7	0
6	3.8	0
6	3.9	0
6	4	0

7	-4	0
7	-3.9	0
7	-3.8	0
7	-3.7	0
7	-3.6	0
7	-3.5	0
7	-3.4	0
7	-3.3	0
7	-3.2	0
7	-3.1	0
7	-3	0
7	-2.9	0
7	-2.8	0
7	-2.7	0
7	-2.6	0
7	-2.5	0
7	-2.4	0
7	-2.3	0
7	-2.2	0
7	-2.1	0
7	-2	0
7	-1.9	0
7	-1.8	0
7	-1.7	0
7	-1.6	0
7	-1.5	0
7	-1.4	0
7	-1.3	0
7	-1.2	0
7	-1.1	0
7	-1	0
7	-0.9	0
7	-0.8	0
7	-0.7	0
7	-0.6	0
7	-0.5	0
7	-0.4	0
7	-0.3	0
7	-0.2	0
7	-0.1	0
7	0	0
7	0.1	0
7	0.2	0
7	0.3	0
7	0.4	0
7	0.5	0
7	0.6	0
7	0.7	0
7	0.8	0
7	0.9	0
7	1	0
7	1.1	0
7	1.2	0
7	1.3	0
7	1.4	0
7	1.5	0
7	1.6	0
7	1.7	0
7	1.8	0
7	1.9	0
7	2	0
7	2.1	0
7	2.2	0
7	2.3	0
7	2.4	0
7	2.5	0
7	2.6	0
7	2.7	0
7	2.8	0
7	2.9	0
7	3	0
7	3.1	0
7	3.2	0
7	3.3	0
7	3.4	0
7	3.5	0
7	3.6	0
7	3.7	0
7	3.8	0
7	3.9	0
7	4	0

8	-4	0
8	-3.9	0
8	-3.8	0
8	-3.7	0
8	-3.6	0
8	-3.5	0
8	-3.4	0
8	-3.3	0
8	-3.2	0
8	-3.1	0
8	-3	0
8	-2.9	0
8	-2.8	0
8	-2.7	0
8	-2.6	0
8	-2.5	0
8	-2.4	0
8	-2.3	0
8	-2.2	0
8	-2.1	0
8	-2	0
8	-1.9	0
8	-1.8	0
8	-1.7	0
8	-1.6	0
8	-1.5	0
8	-1.4	0
8	-1.3	0
8	-1.2	0
8	-1.1	0
8	-1	0
8	-0.9	0
8	-0.8	0
8	-0.7	0
8	-0.6	0
8	-0.5	0
8	-0.4	0
8	-0.3	0
8	-0.2	0
8	-0.1	0
8	0	0
8	0.1	0
8	0.2	0
8	0.3	0
8	0.4	0
8	0.5	0
8	0.6	0
8	0.7	0
8	0.8	0
8	0.9	0
8	1	0
8	1.1	0
8	1.2	0
8	1.3	0
8	1.4	0
8	1.5	0
8	1.6	0
8	1.7	0
8	1.8	0
8	1.9	0
8	2	0
8	2.1	0
8	2.2	0
8	2.3	0
8	2.4	0
8	2.5	0
8	2.6	0
8	2.7	0
8	2.8	0
8	2.9	0
8	3	0
8	3.1	0
8	3.2	0
8	3.3	0
8	3.4	0
8	3.5	0
8	3.6	0
8	3.7	0
8	3.8	0
8	3.9	0
8	4	0

9	-4	0
9	-3.9	0
9	-3.8	0
9	-3.7	0
9	-3.6	0
9	-3.5	0
9	-3.4	0
9	-3.3	0
9	-3.2	0
9	-3.1	0
9	-3	0
9	-2.9	0
9	-2.8	0
9	-2.7	0
9	-2.6	0
9	-2.5	0
9	-2.4	0
9	-2.3	0
9	-2.2	0
9	-2.1	0
9	-2	0
9	-1.9	0
9	-1.8	0
9	-1.7	0
9	-1.6	0
9	-1.5	0
9	-1.4	0
9	-1.3	0
9	-1.2	0
9	-1.1	0
9	-1	0
9	-0.9	0
9	-0.8	0
9	-0.7	0
9	-0.6	0
9	-0.5	0
9	-0.4	0
9	-0.3	0
9	-0.2	0
9	-0.1	0
9	0	0
9	0.1	0
9	0.2	0
9	0.3	0
9	0.4	0
9	0.5	0
9	0.6	0
9	0.7	0
9	0.8	0
9	0.9	0
9	1	0
9	1.1	0
9	1.2	0
9	1.3	0
9	1.4	0
9	1.5	0
9	1.6	0
9	1.7	0
9	1.8	0
9	1.9	0
9	2	0
9	2.1	0
9	2.2	0
9	2.3	0
9	2.4	0
9	2.5	0
9	2.6	0
9	2.7	0
9	2.8	0
9	2.9	0
9	3	0
9	3.1	0
9	3.2	0
9	3.3	0
9	3.4	0
9	3.5	0
9	3.6	0
9	3.7	0
9	3.8	0
9	3.9	0
9	4	0

10	-4	0
10	-3.9	0
10	-3.8	0
10	-3.7	0
10	-3.6	0
10	-3.5	0
10	-3.4	0
10	-3.3	0
10	-3.2	0
10	-3.1	0
10	-3	0
10	-2.9	0
10	-2.8	0
10	-2.7	0
10	-2.6	0
10	-2.5	0
10	-2.4	0
10	-2.3	0
10	-2.2	0
10	-2.1	0
10	-2	0
10	-1.9	0
10	-1.8	0
10	-1.7	0
10	-1.6	0
10	-1.5	0
10	-1.4	0
10	-1.3	0
10	-1.2	0
10	-1.1	0
10	-1	0
10	-0.9	0
10	-0.8	0
10	-0.7	0
10	-0.6	0
10	-0.5	0
10	-0.4	0
10	-0.3	0
10	-0.2	0
10	-0.1	0
10	0	0
10	0.1	0
10	0.2	0
10	0.3	0
10	0.4	0
10	0.5	0
10	0.6	0
10	0.7	0
10	0.8	0
10	0.9	0
10	1	0
10	1.1	0
10	1.2	0
10	1.3	0
10	1.4	0
10	1.5	0
10	1.6	0
10	1.7	0
10	1.8	0
10	1.9	0
10	2	0
10	2.1	0
10	2.2	0
10	2.3	0
10	2.4	0
10	2.5	0
10	2.6	0
10	2.7	0
10	2.8	0
10	2.9	0
10	3	0
10	3.1	0
10	3.2	0
10	3.3	0
10	3.4	0
10	3.5	0
10	3.6	0
10	3.7	0
10	3.8	0
10	3.9	0
10	4	0

11	-4	0
11	-3.9	0
11	-3.8	0
11	-3.7	0
11	-3.6	0
11	-3.5	0
11	-3.4	0
11	-3.3	0
11	-3.2	0
11	-3.1	0
11	-3	0
11	-2.9	0
11	-2.8	0
11	-2.7	0
11	-2.6	0
11	-2.5	0
11	-2.4	0
11	-2.3	0
11	-2.2	0
11	-2.1	0
11	-2	0
11	-1.9	0
11	-1.8	0
11	-1.7	0
11	-1.6	0
11	-1.5	0
11	-1.4	0
11	-1.3	0
11	-1.2	0
11	-1.1	0
11	-1	0
11	-0.9	0
11	-0.8	0
11	-0.7	0
11	-0.6	0
11	-0.5	0
11	-0.4	0
11	-0.3	0
11	-0.2	0
11	-0.1	0
11	0	0
11	0.1	0
11	0.2	0
11	0.3	0
11	0.4	0
11	0.5	0
11	0.6	0
11	0.7	0
11	0.8	0
11	0.9	0
11	1	0
11	1.1	0
11	1.2	0
11	1.3	0
11	1.4	0
11	1.5	0
11	1.6	0
11	1.7	0
11	1.8	0
11	1.9	0
11	2	0
11	2.1	0
11	2.2	0
11	2.3	0
11	2.4	0
11	2.5	0
11	2.6	0
11	2.7	0
11	2.8	0
11	2.9	0
11	3	0
11	3.1	0
11	3.2	0
11	3.3	0
11	3.4	0
11	3.5	0
11	3.6	0
11	3.7	0
11	3.8	0
11	3.9	0
11	4	0

12	-4	3.34066e-312
12	-3.9	9.93383e-311
12	-3.8	2.75576e-309
12	-3.7	7.13191e-308
12	-3.6	1.72191e-306
12	-3.5	3.87845e-305
12	-3.4	8.14976e-304
12	-3.3	1.59762e-302
12	-3.2	2.92174e-301
12	-3.1	4.98483e-300
12	-3	7.93414e-299
12	-2.9	1.17812e-297
12	-2.8	1.632e-296
12	-2.7	2.10908e-295
12	-2.6	2.54276e-294
12	-2.5	2.85995e-293
12	-2.4	3.0009e-292
12	-2.3	2.93755e-291
12	-2.2	2.68263e-290
12	-2.1	2.28547e-289
12	-2	1.81649e-288
12	-1.9	1.34688e-287
12	-1.8	9.31681e-287
12	-1.7	6.01237e-286
12	-1.6	3.61963e-285
12	-1.5	2.03294e-284
12	-1.4	1.06518e-283
12	-1.3	5.20673e-283
12	-1.2	2.37436e-282
12	-1.1	1.01011e-281
12	-1	4.00896e-281
12	-0.9	1.48435e-280
12	-0.8	5.12719e-280
12	-0.7	1.65221e-279
12	-0.6	4.96695e-279
12	-0.5	1.39302e-278
12	-0.4	3.64471e-278
12	-0.3	8.89632e-278
12	-0.2	2.02581e-277
12	-0.1	4.30355e-277
12	0	8.52897e-277
12	0.1	1.57691e-276
12	0.2	2.71993e-276
12	0.3	4.37672e-276
12	0.4	6.57024e-276
12	0.5	9.20141e-276
12	0.6	1.20217e-275
12	0.7	1.46528e-275
12	0.8	1.66616e-275
12	0.9	1.76747e-275
12	1	1.74915e-275
12	1.1	1.6149e-275
12	1.2	1.39092e-275
12	1.3	1.11764e-275
12	1.4	8.37798e-276
12	1.5	5.85893e-276
12	1.6	3.82242e-276
12	1.7	2.32648e-276
12	1.8	1.32099e-276
12	1.9	6.9975e-277
12	2	3.458e-277
12	2.1	1.59422e-277
12	2.2	6.85666e-278
12	2.3	2.75117e-278
12	2.4	1.02982e-278
12	2.5	3.59624e-279
12	2.6	1.17159e-279
12	2.7	3.56076e-280
12	2.8	1.0096e-280
12	2.9	2.67054e-281
12	3	6.59005e-282
12	3.1	1.51712e-282
12	3.2	3.25829e-283
12	3.3	6.52831e-284
12	3.4	1.22026e-284
12	3.5	2.12787e-285
12	3.6	3.46161e-286
12	3.7	5.25355e-287
12	3.8	7.43819e-288
12	3.9	9.82477e-289
12	4	1.21065e-289

13	-4	1.42706e-228
13	-3.9	2.56912e-227
13	-3.8	4.35943e-226
13	-3.7	6.9723e-225
13	-3.6	1.05105e-223
13	-3.5	1.4934e-222
13	-3.4	1.99999e-221
13	-3.3	2.52454e-220
13	-3.2	3.00359e-219
13	-3.1	3.36821e-218
13	-3	3.56009e-217
13	-2.9	3.5467e-216
13	-2.8	3.33035e-215
13	-2.7	2.94752e-214
13	-2.6	2.45882e-213
13	-2.5	1.9333e-212
13	-2.4	1.43276e-211
13	-2.3	1.0008e-210
13	-2.2	6.5891e-210
13	-2.1	4.0889e-209
13	-2	2.3916e-208
13	-1.9	1.31848e-207
13	-1.8	6.85109e-207
13	-1.7	3.35543e-206
13	-1.6	1.54895e-205
13	-1.5	6.73956e-205
13	-1.4	2.76393e-204
13	-1.3	1.06837e-203
13	-1.2	3.89244e-203
13	-1.1	1.33667e-202
13	-1	4.3264e-202
13	-0.9	1.31987e-201
13	-0.8	3.79524e-201
13	-0.7	1.02861e-200
13	-0.6	2.62761e-200
13	-0.5	6.32666e-200
13	-0.4	1.43579e-199
13	-0.3	3.0712e-199
13	-0.2	6.19197e-199
13	-0.1	1.17666e-198
13	0	2.10754e-198
13	0.1	3.55796e-198
13	0.2	5.66148e-198
13	0.3	8.49104e-198
13	0.4	1.20031e-197
13	0.5	1.59929e-197
13	0.6	2.00847e-197
13	0.7	2.37741e-197
13	0.8	2.65244e-197
13	0.9	2.78926e-197
13	1	2.76461e-197
13	1.1	2.58274e-197
13	1.2	2.27421e-197
13	1.3	1.88748e-197
13	1.4	1.47651e-197
13	1.5	1.08866e-197
13	1.6	7.56571e-198
13	1.7	4.95576e-198
13	1.8	3.05965e-198
13	1.9	1.78048e-198
13	2	9.76568e-199
13	2.1	5.0486e-199
13	2.2	2.46004e-199
13	2.3	1.12983e-199
13	2.4	4.8909e-200
13	2.5	1.99556e-200
13	2.6	7.6744e-201
13	2.7	2.7818e-201
13	2.8	9.50405e-202
13	2.9	3.06051e-202
13	3	9.28927e-203
13	3.1	2.65749e-203
13	3.2	7.16576e-204
13	3.3	1.82119e-204
13	3.4	4.36267e-205
13	3.5	9.85031e-206
13	3.6	2.09628e-206
13	3.7	4.20486e-207
13	3.8	7.94979e-208
13	3.9	1.41665e-208
13	4	2.37942e-209

14	-4	8.14245e-167
14	-3.9	9.84391e-166
14	-3.8	1.1309e-164
14	-3.7	1.23458e-163
14	-3.6	1.28073e-162
14	-3.5	1.26252e-161
14	-3.4	1.18267e-160
14	-3.3	1.05275e-159
14	-3.2	8.90501e-159
14	-3.1	7.15787e-158
14	-3	5.46734e-157
14	-2.9	3.96834e-156
14	-2.8	2.73707e-155
14	-2.7	1.79392e-154
14	-2.6	1.11728e-153
14	-2.5	6.6125e-153
14	-2.4	3.71886e-152
14	-2.3	1.98745e-151
14	-2.2	1.00931e-150
14	-2.1	4.87074e-150
14	-2	2.23361e-149
14	-1.9	9.73336e-149
14	-1.8	4.03051e-148
14	-1.7	1.58599e-147
14	-1.6	5.93035e-147
14	-1.5	2.10719e-146
14	-1.4	7.11491e-146
14	-1.3	2.28285e-145
14	-1.2	6.96028e-145
14	-1.1	2.01659e-144
14	-1	5.55204e-144
14	-0.9	1.45254e-143
14	-0.8	3.61116e-143
14	-0.7	8.53114e-143
14	-0.6	1.91518e-142
14	-0.5	4.08558e-142
14	-0.4	8.2821e-142
14	-0.3	1.5954e-141
14	-0.2	2.92039e-141
14	-0.1	5.07988e-141
14	0	8.39669e-141
14	0.1	1.31888e-140
14	0.2	1.96854e-140
14	0.3	2.79207e-140
14	0.4	3.76314e-140
14	0.5	4.81965e-140
14	0.6	5.86575e-140
14	0.7	6.78381e-140
14	0.8	7.45531e-140
14	0.9	7.78574e-140
14	1	7.72638e-140
14	1.1	7.28609e-140
14	1.2	6.52913e-140
14	1.3	5.55978e-140
14	1.4	4.49886e-140
14	1.5	3.45931e-140
14	1.6	2.52766e-140
14	1.7	1.75505e-140
14	1.8	1.15799e-140
14	1.9	7.26036e-141
14	2	4.32569e-141
14	2.1	2.44904e-141
14	2.2	1.31758e-141
14	2.3	6.73598e-142
14	2.4	3.2724e-142
14	2.5	1.51069e-142
14	2.6	6.62713e-143
14	2.7	2.7626e-143
14	2.8	1.09434e-143
14	2.9	4.11935e-144
14	3	1.47349e-144
14	3.1	5.00851e-145
14	3.2	1.61775e-145
14	3.3	4.96542e-146
14	3.4	1.44825e-146
14	3.5	4.01396e-147
14	3.6	1.05717e-147
14	3.7	2.6458e-148
14	3.8	6.29235e-149
14	3.9	1.42204e-149
14	4	3.05387e-150

15	-4	5.42417e-121
15	-3.9	4.75593e-120
15	-3.8	3.98873e-119
15	-3.7	3.19987e-118
15	-3.6	2.45543e-117
15	-3.5	1.80228e-116
15	-3.4	1.26536e-115
15	-3.3	8.49773e-115
15	-3.2	5.45872e-114
15	-3.1	3.3541e-113
15	-3	1.97133e-112
15	-2.9	1.10826e-111
15	-2.8	5.95967e-111
15	-2.7	3.06549e-110
15	-2.6	1.50826e-109
15	-2.5	7.09822e-109
15	-2.4	3.19537e-108
15	-2.3	1.37591e-107
15	-2.2	5.66708e-107
15	-2.1	2.23267e-106
15	-2	8.41375e-106
15	-1.9	3.03285e-105
15	-1.8	1.04571e-104
15	-1.7	3.44881e-104
15	-1.6	1.08799e-103
15	-1.5	3.28307e-103
15	-1.4	9.47615e-103
15	-1.3	2.61627e-102
15	-1.2	6.90924e-102
15	-1.1	1.74533e-101
15	-1	4.21717e-101
15	-0.9	9.74682e-101
15	-0.8	2.15478e-100
15	-0.7	4.55661e-100
15	-0.6	9.21676e-100
15	-0.5	1.78325e-99
15	-0.4	3.30023e-99
15	-0.3	5.84218e-99
15	-0.2	9.89244e-99
15	-0.1	1.60225e-98
15	0	2.4823e-98
15	0.1	3.67855e-98
15	0.2	5.21432e-98
15	0.3	7.06995e-98
15	0.4	9.16923e-98
15	0.5	1.13749e-97
15	0.6	1.34977e-97
15	0.7	1.53204e-97
15	0.8	1.66333e-97
15	0.9	1.72737e-97
15	1	1.71589e-97
15	1.1	1.6304e-97
15	1.2	1.48182e-97
15	1.3	1.28823e-97
15	1.4	1.07125e-97
15	1.5	8.52088e-98
15	1.6	6.48302e-98
15	1.7	4.71811e-98
15	1.8	3.28441e-98
15	1.9	2.18698e-98
15	2	1.39293e-98
15	2.1	8.48617e-99
15	2.2	4.9453e-99
15	2.3	2.75659e-99
15	2.4	1.46977e-99
15	2.5	7.4959e-100
15	2.6	3.65676e-100
15	2.7	1.70635e-100
15	2.8	7.61618e-101
15	2.9	3.25165e-101
15	3	1.32791e-101
15	3.1	5.1872e-102
15	3.2	1.93818e-102
15	3.3	6.92713e-103
15	3.4	2.36816e-103
15	3.5	7.744e-104
15	3.6	2.42225e-104
15	3.7	7.2472e-105
15	3.8	2.07405e-105
15	3.9	5.67763e-106
15	4	1.48666e-106

16	-4	5.38957e-87
16	-3.9	3.63309e-86
16	-3.8	2.35523e-85
16	-3.7	1.46834e-84
16	-3.6	8.80348e-84
16	-3.5	5.07596e-83
16	-3.4	2.8146e-82
16	-3.3	1.5009e-81
16	-3.2	7.69699e-81
16	-3.1	3.796e-80
16	-3	1.80039e-79
16	-2.9	8.21187e-79
16	-2.8	3.60208e-78
16	-2.7	1.5195e-77
16	-2.6	6.16427e-77
16	-2.5	2.40491e-76
16	-2.4	9.02302e-76
16	-2.3	3.25567e-75
16	-2.2	1.1297e-74
16	-2.1	3.76983e-74
16	-2	1.20981e-73
16	-1.9	3.73376e-73
16	-1.8	1.10818e-72
16	-1.7	3.16309e-72
16	-1.6	8.68254e-72
16	-1.5	2.29202e-71
16	-1.4	5.81867e-71
16	-1.3	1.42058e-70
16	-1.2	3.33536e-70
16	-1.1	7.53105e-70
16	-1	1.63532e-69
16	-0.9	3.41497e-69
16	-0.8	6.85812e-69
16	-0.7	1.32452e-68
16	-0.6	2.46008e-68
16	-0.5	4.39413e-68
16	-0.4	7.54802e-68
16	-0.3	1.24689e-67
16	-0.2	1.98089e-67
16	-0.1	3.0264e-67
16	0	4.44659e-67
16	0.1	6.28296e-67
16	0.2	8.53762e-67
16	0.3	1.11569e-66
16	0.4	1.40213e-66
16	0.5	1.6946e-66
16	0.6	1.96961e-66
16	0.7	2.20155e-66
16	0.8	2.36654e-66
16	0.9	2.44643e-66
16	1	2.43214e-66
16	1.1	2.3253e-66
16	1.2	2.13799e-66
16	1.3	1.89046e-66
16	1.4	1.60755e-66
16	1.5	1.31461e-66
16	1.6	1.03386e-66
16	1.7	7.81927e-67
16	1.8	5.68728e-67
16	1.9	3.97812e-67
16	2	2.67601e-67
16	2.1	1.73114e-67
16	2.2	1.07699e-67
16	2.3	6.44357e-68
16	2.4	3.70747e-68
16	2.5	2.05146e-68
16	2.6	1.09165e-68
16	2.7	5.58651e-69
16	2.8	2.74937e-69
16	2.9	1.30125e-69
16	3	5.92274e-70
16	3.1	2.59251e-70
16	3.2	1.09133e-70
16	3.3	4.41798e-71
16	3.4	1.72e-71
16	3.5	6.43972e-72
16	3.6	2.31869e-72
16	3.7	8.02884e-73
16	3.8	2.67361e-73
16	3.9	8.56208e-74
16	4	2.63691e-74

17	-4	6.42984e-62
17	-3.9	3.48572e-61
17	-3.8	1.8254e-60
17	-3.7	9.23414e-60
17	-3.6	4.51239e-59
17	-3.5	2.13005e-58
17	-3.4	9.71281e-58
17	-3.3	4.27832e-57
17	-3.2	1.82043e-56
17	-3.1	7.4825e-56
17	-3	2.97093e-55
17	-2.9	1.13949e-54
17	-2.8	4.22183e-54
17	-2.7	1.511e-53
17	-2.6	5.22395e-53
17	-2.5	1.74465e-52
17	-2.4	5.62844e-52
17	-2.3	1.75405e-51
17	-2.2	5.2804e-51
17	-2.1	1.53555e-50
17	-2	4.31355e-50
17	-1.9	1.17052e-49
17	-1.8	3.06827e-49
17	-1.7	7.7693e-49
17	-1.6	1.90039e-48
17	-1.5	4.4903e-48
17	-1.4	1.0249e-47
17	-1.3	2.25975e-47
17	-1.2	4.81294e-47
17	-1.1	9.90224e-47
17	-1	1.96802e-46
17	-0.9	3.77831e-46
17	-0.8	7.0071e-46
17	-0.7	1.25531e-45
17	-0.6	2.17239e-45
17	-0.5	3.63158e-45
17	-0.4	5.86443e-45
17	-0.3	9.14806e-45
17	-0.2	1.37849e-44
17	-0.1	2.00657e-44
17	0	2.82146e-44
17	0.1	3.83237e-44
17	0.2	5.02844e-44
17	0.3	6.3734e-44
17	0.4	7.80337e-44
17	0.5	9.22923e-44
17	0.6	1.05444e-43
17	0.7	1.16372e-43
17	0.8	1.24065e-43
17	0.9	1.27769e-43
17	1	1.27107e-43
17	1.1	1.22149e-43
17	1.2	1.13391e-43
17	1.3	1.01682e-43
17	1.4	8.80802e-44
17	1.5	7.37033e-44
17	1.6	5.95755e-44
17	1.7	4.6518e-44
17	1.8	3.50871e-44
17	1.9	2.5565e-44
17	2	1.79935e-44
17	2.1	1.22338e-44
17	2.2	8.03482e-45
17	2.3	5.09759e-45
17	2.4	3.12411e-45
17	2.5	1.84952e-45
17	2.6	1.05771e-45
17	2.7	5.84311e-46
17	2.8	3.11813e-46
17	2.9	1.60738e-46
17	3	8.00413e-47
17	3.1	3.8502e-47
17	3.2	1.78906e-47
17	3.3	8.03041e-48
17	3.4	3.48196e-48
17	3.5	1.45842e-48
17	3.6	5.90083e-49
17	3.7	2.30631e-49
17	3.8	8.70749e-50
17	3.9	3.17572e-50
17	4	1.11883e-50

18	-4	1.1561e-43
18	-3.9	5.22142e-43
18	-3.8	2.28653e-42
18	-3.7	9.70872e-42
18	-3.6	3.99708e-41
18	-3.5	1.59558e-40
18	-3.4	6.17576e-40
18	-3.3	2.31771e-39
18	-3.2	8.43378e-39
18	-3.1	2.97565e-38
18	-3	1.01797e-37
18	-2.9	3.37667e-37
18	-2.8	1.08601e-36
18	-2.7	3.38671e-36
18	-2.6	1.02404e-35
18	-2.5	3.00228e-35
18	-2.4	8.53458e-35
18	-2.3	2.35239e-34
18	-2.2	6.28682e-34
18	-2.1	1.6291e-33
18	-2	4.0932e-33
18	-1.9	9.97178e-33
18	-1.8	2.35547e-32
18	-1.7	5.39485e-32
18	-1.6	1.19806e-31
18	-1.5	2.57971e-31
18	-1.4	5.38591e-31
18	-1.3	1.09029e-30
18	-1.2	2.14005e-30
18	-1.1	4.07288e-30
18	-1	7.51577e-30
18	-0.9	1.34475e-29
18	-0.8	2.33295e-29
18	-0.7	3.92433e-29
18	-0.6	6.40061e-29
18	-0.5	1.01222e-28
18	-0.4	1.5521e-28
18	-0.3	2.30762e-28
18	-0.2	3.32662e-28
18	-0.1	4.64984e-28
18	0	6.30187e-28
18	0.1	8.28125e-28
18	0.2	1.05516e-27
18	0.3	1.30358e-27
18	0.4	1.56153e-27
18	0.5	1.81368e-27
18	0.6	2.04252e-27
18	0.7	2.23033e-27
18	0.8	2.36138e-27
18	0.9	2.42415e-27
18	1	2.41296e-27
18	1.1	2.32881e-27
18	1.2	2.17929e-27
18	1.3	1.97739e-27
18	1.4	1.73967e-27
18	1.5	1.484e-27
18	1.6	1.22744e-27
18	1.7	9.84372e-28
18	1.8	7.65447e-28
18	1.9	5.77122e-28
18	2	4.21905e-28
18	2.1	2.9906e-28
18	2.2	2.05541e-28
18	2.3	1.36973e-28
18	2.4	8.85045e-29
18	2.5	5.54488e-29
18	2.6	3.36833e-29
18	2.7	1.98397e-29
18	2.8	1.13305e-29
18	2.9	6.27421e-30
18	3	3.36873e-30
18	3.1	1.75375e-30
18	3.2	8.8525e-31
18	3.3	4.33271e-31
18	3.4	2.05613e-31
18	3.5	9.46096e-32
18	3.6	4.22101e-32
18	3.7	1.82597e-32
18	3.8	7.65891e-33
18	3.9	3.11484e-33
18	4	1.22829e-33

19	-4	1.09429e-30
19	-3.9	4.2346e-30
19	-3.8	1.59391e-29
19	-3.7	5.83558e-29
19	-3.6	2.07814e-28
19	-3.5	7.19836e-28
19	-3.4	2.42529e-27
19	-3.3	7.94808e-27
19	-3.2	2.53356e-26
19	-3.1	7.85542e-26
19	-3	2.36907e-25
19	-2.9	6.94953e-25
19	-2.8	1.98291e-24
19	-2.7	5.50326e-24
19	-2.6	1.48562e-23
19	-2.5	3.90089e-23
19	-2.4	9.963e-23
19	-2.3	2.47506e-22
19	-2.2	5.9807e-22
19	-2.1	1.40568e-21
19	-2	3.2136e-21
19	-1.9	7.14606e-21
19	-1.8	1.54565e-20
19	-1.7	3.25181e-20
19	-1.6	6.6544e-20
19	-1.5	1.32453e-19
19	-1.4	2.5644e-19
19	-1.3	4.82923e-19
19	-1.2	8.84587e-19
19	-1.1	1.57606e-18
19	-1	2.73133e-18
19	-0.9	4.60411e-18
19	-0.8	7.54896e-18
19	-0.7	1.20392e-17
19	-0.6	1.86758e-17
19	-0.5	2.81792e-17
19	-0.4	4.1357e-17
19	-0.3	5.90389e-17
19	-0.2	8.1978e-17
19	-0.1	1.1072e-16
19	0	1.45454e-16
19	0.1	1.85863e-16
19	0.2	2.3101e-16
19	0.3	2.7928e-16
19	0.4	3.2841e-16
19	0.5	3.75633e-16
19	0.6	4.17908e-16
19	0.7	4.52238e-16
19	0.8	4.76017e-16
19	0.9	4.87358e-16
19	1	4.85338e-16
19	1.1	4.7012e-16
19	1.2	4.42939e-16
19	1.3	4.05927e-16
19	1.4	3.61845e-16
19	1.5	3.13738e-16
19	1.6	2.64594e-16
19	1.7	2.17052e-16
19	1.8	1.73187e-16
19	1.9	1.34412e-16
19	2	1.01468e-16
19	2.1	7.45063e-17
19	2.2	5.32138e-17
19	2.3	3.6968e-17
19	2.4	2.49803e-17
19	2.5	1.64187e-17
19	2.6	1.04966e-17
19	2.7	6.52722e-18
19	2.8	3.94801e-18
19	2.9	2.32272e-18
19	3	1.32919e-18
19	3.1	7.39852e-19
19	3.2	4.00565e-19
19	3.3	2.10946e-19
19	3.4	1.08054e-19
19	3.5	5.38365e-20
19	3.6	2.60906e-20
19	3.7	1.22987e-20
19	3.8	5.63907e-21
19	3.9	2.51492e-21
19	4	1.09096e-21

20	-4	7.7505e-22
20	-3.9	2.62852e-21
20	-3.8	8.69434e-21
20	-3.7	2.80481e-20
20	-3.6	8.82499e-20
20	-3.5	2.70811e-19
20	-3.4	8.10517e-19
20	-3.3	2.36592e-18
20	-3.2	6.73567e-18
20	-3.1	1.87027e-17
20	-3	5.06489e-17
20	-2.9	1.33776e-16
20	-2.8	3.44611e-16
20	-2.7	8.65812e-16
20	-2.6	2.12158e-15
20	-2.5	5.07036e-15
20	-2.4	1.18185e-14
20	-2.3	2.68674e-14
20	-2.2	5.95706e-14
20	-2.1	1.28819e-13
20	-2	2.7169e-13
20	-1.9	5.58867e-13
20	-1.8	1.12121e-12
20	-1.7	2.19385e-12
20	-1.6	4.18667e-12
20	-1.5	7.79246e-12
20	-1.4	1.41456e-11
20	-1.3	2.50446e-11
20	-1.2	4.32461e-11
20	-1.1	7.28321e-11
20	-1	1.1963e-10
20	-0.9	1.91647e-10
20	-0.8	2.99438e-10
20	-0.7	4.56303e-10
20	-0.6	6.78176e-10
20	-0.5	9.83047e-10
20	-0.4	1.38979e-09
20	-0.3	1.91631e-09
20	-0.2	2.57707e-09
20	-0.1	3.38009e-09
20	0	4.32387e-09
20	0.1	5.39462e-09
20	0.2	6.56434e-09
20	0.3	7.79047e-09
20	0.4	9.01736e-09
20	0.5	1.01798e-08
20	0.6	1.12083e-08
20	0.7	1.2036e-08
20	0.8	1.26057e-08
20	0.9	1.28765e-08
20	1	1.28283e-08
20	1.1	1.24647e-08
20	1.2	1.18124e-08
20	1.3	1.09179e-08
20	1.4	9.84193e-09
20	1.5	8.65296e-09
20	1.6	7.4198e-09
20	1.7	6.20529e-09
20	1.8	5.06144e-09
20	1.9	4.02652e-09
20	2	3.12412e-09
20	2.1	2.36411e-09
20	2.2	1.74482e-09
20	2.3	1.25596e-09
20	2.4	8.81748e-10
20	2.5	6.03748e-10
20	2.6	4.0319e-10
20	2.7	2.62607e-10
20	2.8	1.66819e-10
20	2.9	1.03354e-10
20	3	6.24525e-11
20	3.1	3.68059e-11
20	3.2	2.11556e-11
20	3.3	1.18598e-11
20	3.4	6.48445e-12
20	3.5	3.45788e-12
20	3.6	1.79842e-12
20	3.7	9.12248e-13
20	3.8	4.51313e-13
20	3.9	2.17764e-13
20	4	1.02479e-13

21	-4	3.06722e-16
21	-3.9	9.28576e-16
21	-3.8	2.74816e-15
21	-3.7	7.95093e-15
21	-3.6	2.24878e-14
21	-3.5	6.21766e-14
21	-3.4	1.68058e-13
21	-3.3	4.44062e-13
21	-3.2	1.14705e-12
21	-3.1	2.89647e-12
21	-3	7.15006e-12
21	-2.9	1.72545e-11
21	-2.8	4.0705e-11
21	-2.7	9.38738e-11
21	-2.6	2.11638e-10
21	-2.5	4.66438e-10
21	-2.4	1.00496e-09
21	-2.3	2.11667e-09
21	-2.2	4.35822e-09
21	-2.1	8.7724e-09
21	-2	1.72616e-08
21	-1.9	3.32042e-08
21	-1.8	6.24394e-08
21	-1.7	1.14783e-07
21	-1.6	2.06274e-07
21	-1.5	3.62382e-07
21	-1.4	6.22358e-07
21	-1.3	1.04488e-06
21	-1.2	1.71492e-06
21	-1.1	2.75152e-06
21	-1	4.31574e-06
21	-0.9	6.61742e-06
21	-0.8	9.91916e-06
21	-0.7	1.45349e-05
21	-0.6	2.08211e-05
21	-0.5	2.91571e-05
21	-0.4	3.99152e-05
21	-0.3	5.34177e-05
21	-0.2	6.98849e-05
21	-0.1	8.93785e-05
21	0	0.000111747
21	0.1	0.000136581
21	0.2	0.000163191
21	0.3	0.000190614
21	0.4	0.000217653
21	0.5	0.000242956
21	0.6	0.00026512
21	0.7	0.000282819
21	0.8	0.000294936
21	0.9	0.000300676
21	1	0.000299655
21	1.1	0.000291942
21	1.2	0.00027805
21	1.3	0.000258882
21	1.4	0.000235631
21	1.5	0.00020966
21	1.6	0.000182369
21	1.7	0.000155074
21	1.8	0.000128907
21	1.9	0.000104754
21	2	8.3217e-05
21	2.1	6.46261e-05
21	2.2	4.90631e-05
21	2.3	3.64128e-05
21	2.4	2.64184e-05
21	2.5	1.87374e-05
21	2.6	1.29917e-05
21	2.7	8.80589e-06
21	2.8	5.83489e-06
21	2.9	3.77959e-06
21	3	2.39336e-06
21	3.1	1.48158e-06
21	3.2	8.96587e-07
21	3.3	5.30411e-07
21	3.4	3.0675e-07
21	3.5	1.73424e-07
21	3.6	9.58484e-08
21	3.7	5.17861e-08
21	3.8	2.73523e-08
21	3.9	1.4123e-08
21	4	7.12869e-09

22	-4	3.1698e-13
22	-3.9	8.69689e-13
22	-3.8	2.33735e-12
22	-3.7	6.15332e-12
22	-3.6	1.5868e-11
22	-3.5	4.00832e-11
22	-3.4	9.91814e-11
22	-3.3	2.40394e-10
22	-3.2	5.70749e-10
22	-3.1	1.32737e-09
22	-3	3.02391e-09
22	-2.9	6.74793e-09
22	-2.8	1.47503e-08
22	-2.7	3.15832e-08
22	-2.6	6.62428e-08
22	-2.5	1.36097e-07
22	-2.4	2.73896e-07
22	-2.3	5.39945e-07
22	-2.2	1.04265e-06
22	-2.1	1.97223e-06
22	-2	3.65429e-06
22	-1.9	6.63247e-06
22	-1.8	1.17916e-05
22	-1.7	2.05352e-05
22	-1.6	3.5031e-05
22	-1.5	5.85372e-05
22	-1.4	9.58162e-05
22	-1.3	0.000153629
22	-1.2	0.000241287
22	-1.1	0.000371211
22	-1	0.000559416
22	-0.9	0.000825804
22	-0.8	0.00119411
22	-0.7	0.00169138
22	-0.6	0.00234673
22	-0.5	0.00318943
22	-0.4	0.00424609
22	-0.3	0.00553723
22	-0.2	0.00707331
22	-0.1	0.00885075
22	0	0.0108484
22	0.1	0.0130249
22	0.2	0.0153184
22	0.3	0.0176473
22	0.4	0.0199146
22	0.5	0.0220136
22	0.6	0.0238362
22	0.7	0.0252819
22	0.8	0.026267
22	0.9	0.0267323
22	1	0.0266496
22	1.1	0.0260239
22	1.2	0.0248932
22	1.3	0.0233247
22	1.4	0.021408
22	1.5	0.0192471
22	1.6	0.0169505
22	1.7	0.0146226
22	1.8	0.0123565
22	1.9	0.010228
22	2	0.00829307
22	2.1	0.00658667
22	2.2	0.00512441
22	2.3	0.00390525
22	2.4	0.00291528
22	2.5	0.00213176
22	2.6	0.00152695
22	2.7	0.00107136
22	2.8	0.000736337
22	2.9	0.000495728
22	3	0.000326916
22	3.1	0.000211182
22	3.2	0.00013363
22	3.3	8.28283e-05
22	3.4	5.02898e-05
22	3.5	2.99095e-05
22	3.6	1.74247e-05
22	3.7	9.94366e-06
22	3.8	5.55848e-06
22	3.9	3.04363e-06
22	4	1.63251e-06

23	-4	2.82814e-12
23	-3.9	7.12109e-12
23	-3.8	1.75947e-11
23	-3.7	4.26587e-11
23	-3.6	1.0149e-10
23	-3.5	2.36935e-10
23	-3.4	5.42783e-10
23	-3.3	1.22015e-09
23	-3.2	2.69147e-09
23	-3.1	5.82582e-09
23	-3	1.23741e-08
23	-2.9	2.57907e-08
23	-2.8	5.27473e-08
23	-2.7	1.05859e-07
23	-2.6	2.08472e-07
23	-2.5	4.02862e-07
23	-2.4	7.63934e-07
23	-2.3	1.42149e-06
23	-2.2	2.59552e-06
23	-2.1	4.65045e-06
23	-2	8.17627e-06
23	-1.9	1.41061e-05
23	-1.8	2.38807e-05
23	-1.7	3.96714e-05
23	-1.6	6.46695e-05
23	-1.5	0.000103445
23	-1.4	0.000162373
23	-1.3	0.000250095
23	-1.2	0.000377996
23	-1.1	0.00056061
23	-1	0.000815875
23	-0.9	0.00116514
23	-0.8	0.00163275
23	-0.7	0.0022452
23	-0.6	0.00302955
23	-0.5	0.00401137
23	-0.4	0.00521192
23	-0.3	0.00664496
23	-0.2	0.00831339
23	-0.1	0.0102059
23	0	0.0122947
23	0.1	0.0145337
23	0.2	0.0168586
23	0.3	0.0191893
23	0.4	0.0214331
23	0.5	0.023491
23	0.6	0.0252644
23	0.7	0.0266629
23	0.8	0.0276118
23	0.9	0.0280591
23	1	0.0279796
23	1.1	0.027378
23	1.2	0.0262876
23	1.3	0.0247679
23	1.4	0.0228991
23	1.5	0.0207749
23	1.6	0.0184948
23	1.7	0.0161566
23	1.8	0.0138497
23	1.9	0.0116499
23	2	0.00961596
23	2.1	0.00778851
23	2.2	0.00619022
23	2.3	0.00482779
23	2.4	0.00369471
23	2.5	0.00277462
23	2.6	0.00204464
23	2.7	0.00147849
23	2.8	0.00104909
23	2.9	0.00073046
23	3	0.000499081
23	3.1	0.000334607
23	3.2	0.000220135
23	3.3	0.000142113
23	3.4	9.00263e-05
23	3.5	5.59622e-05
23	3.6	3.41358e-05
23	3.7	2.04323e-05
23	3.8	1.20009e-05
23	3.9	6.91671e-06
23	4	3.9118e-06

24	-4	5.55786e-13
24	-3.9	1.29786e-12
24	-3.8	2.97858e-12
24	-3.7	6.71817e-12
24	-3.6	1.4892e-11
24	-3.5	3.24425e-11
24	-3.4	6.94601e-11
24	-3.3	1.46156e-10
24	-3.2	3.02245e-10
24	-3.1	6.14274e-10
24	-3	1.22694e-09
24	-2.9	2.4085e-09
24	-2.8	4.64654e-09
24	-2.7	8.80993e-09
24	-2.6	1.64163e-08
24	-2.5	3.00634e-08
24	-2.4	5.41081e-08
24	-2.3	9.57075e-08
24	-2.2	1.66376e-07
24	-2.1	2.84245e-07
24	-2	4.77263e-07
24	-1.9	7.87556e-07
24	-1.8	1.27722e-06
24	-1.7	2.03569e-06
24	-1.6	3.18871e-06
24	-1.5	4.90886e-06
24	-1.4	7.42686e-06
24	-1.3	1.10431e-05
24	-1.2	1.61375e-05
24	-1.1	2.31762e-05
24	-1	3.2712e-05
24	-0.9	4.53767e-05
24	-0.8	6.18613e-05
24	-0.7	8.2883e-05
24	-0.6	0.000109137
24	-0.5	0.000141234
24	-0.4	0.000179624
24	-0.3	0.000224518
24	-0.2	0.000275803
24	-0.1	0.000332971
24	0	0.00039507
24	0.1	0.000460682
24	0.2	0.000527945
24	0.3	0.000594616
24	0.4	0.00065818
24	0.5	0.000716
24	0.6	0.000765493
24	0.7	0.000804322
24	0.8	0.000830574
24	0.9	0.000842922
24	1	0.00084073
24	1.1	0.000824111
24	1.2	0.000793917
24	1.3	0.000751665
24	1.4	0.000699414
24	1.5	0.000639593
24	1.6	0.000574823
24	1.7	0.00050772
24	1.8	0.000440732
24	1.9	0.000375998
24	2	0.00031525
24	2.1	0.000259769
24	2.2	0.000210367
24	2.3	0.000167428
24	2.4	0.00013096
24	2.5	0.000100673
24	2.6	7.60577e-05
24	2.7	5.64722e-05
24	2.8	4.12085e-05
24	2.9	2.95528e-05
24	3	2.08291e-05
24	3.1	1.44279e-05
24	3.2	9.82193e-06
24	3.3	6.57127e-06
24	3.4	4.32078e-06
24	3.5	2.79213e-06
24	3.6	1.77325e-06
24	3.7	1.10678e-06
24	3.8	6.78916e-07
24	3.9	4.09289e-07
24	4	2.42496e-07

25	-4	5.04315e-15
25	-3.9	1.10191e-14
25	-3.8	2.36942e-14
25	-3.7	5.01406e-14
25	-3.6	1.04421e-13
25	-3.5	2.14012e-13
25	-3.4	4.31657e-13
25	-3.3	8.56823e-13
25	-3.2	1.67376e-12
25	-3.1	3.21773e-12
25	-3	6.08773e-12
25	-2.9	1.13348e-11
25	-2.8	2.07693e-11
25	-2.7	3.74526e-11
25	-2.6	6.6465e-11
25	-2.5	1.1608e-10
25	-2.4	1.99512e-10
25	-2.3	3.3747e-10
25	-2.2	5.6176e-10
25	-2.1	9.20278e-10
25	-2	1.48367e-09
25	-1.9	2.35401e-09
25	-1.8	3.67561e-09
25	-1.7	5.64811e-09
25	-1.6	8.54136e-09
25	-1.5	1.27117e-08
25	-1.4	1.86178e-08
25	-1.3	2.68354e-08
25	-1.2	3.8066e-08
25	-1.1	5.31395e-08
25	-1	7.30044e-08
25	-0.9	9.87035e-08
25	-0.8	1.31331e-07
25	-0.7	1.7197e-07
25	-0.6	2.2161e-07
25	-0.5	2.81047e-07
25	-0.4	3.50766e-07
25	-0.3	4.30833e-07
25	-0.2	5.20776e-07
25	-0.1	6.19505e-07
25	0	7.25253e-07
25	0.1	8.35575e-07
25	0.2	9.47399e-07
25	0.3	1.05714e-06
25	0.4	1.16086e-06
25	0.5	1.25453e-06
25	0.6	1.33424e-06
25	0.7	1.39649e-06
25	0.8	1.43845e-06
25	0.9	1.45814e-06
25	1	1.45465e-06
25	1.1	1.42813e-06
25	1.2	1.37984e-06
25	1.3	1.31202e-06
25	1.4	1.22773e-06
25	1.5	1.13062e-06
25	1.6	1.02466e-06
25	1.7	9.13899e-07
25	1.8	8.0217e-07
25	1.9	6.92924e-07
25	2	5.89055e-07
25	2.1	4.92808e-07
25	2.2	4.05743e-07
25	2.3	3.28757e-07
25	2.4	2.62151e-07
25	2.5	2.05721e-07
25	2.6	1.58875e-07
25	2.7	1.2075e-07
25	2.8	9.03165e-08
25	2.9	6.64813e-08
25	3	4.81596e-08
25	3.1	3.43335e-08
25	3.2	2.40882e-08
25	3.3	1.66319e-08
25	3.4	1.13013e-08
25	3.5	7.55735e-09
25	3.6	4.97348e-09
25	3.7	3.22109e-09
25	3.8	2.05304e-09
25	3.9	1.28778e-09
25	4	7.94947e-10

26	-4	3.81049e-18
26	-3.9	7.84903e-18
26	-3.8	1.59304e-17
26	-3.7	3.18576e-17
26	-3.6	6.27734e-17
26	-3.5	1.21875e-16
26	-3.4	2.33145e-16
26	-3.3	4.39456e-16
26	-3.2	8.16168e-16
26	-3.1	1.49355e-15
26	-3	2.69299e-15
26	-2.9	4.78438e-15
26	-2.8	8.37514e-15
26	-2.7	1.44455e-14
26	-2.6	2.455e-14
26	-2.5	4.11097e-14
26	-2.4	6.78286e-14
26	-2.3	1.1027e-13
26	-2.2	1.76635e-13
26	-2.1	2.78786e-13
26	-2	4.33553e-13
26	-1.9	6.64336e-13
26	-1.8	1.00302e-12
26	-1.7	1.49213e-12
26	-1.6	2.18715e-12
26	-1.5	3.15884e-12
26	-1.4	4.49522e-12
26	-1.3	6.30305e-12
26	-1.2	8.70814e-12
26	-1.1	1.18543e-11
26	-1	1.59002e-11
26	-0.9	2.10137e-11
26	-0.8	2.7364e-11
26	-0.7	3.51101e-11
26	-0.6	4.43874e-11
26	-0.5	5.52921e-11
26	-0.4	6.78644e-11
26	-0.3	8.20723e-11
26	-0.2	9.77973e-11
26	-0.1	1.14824e-10
26	0	1.32835e-10
26	0.1	1.51415e-10
26	0.2	1.7006e-10
26	0.3	1.88196e-10
26	0.4	2.05207e-10
26	0.5	2.20471e-10
26	0.6	2.33392e-10
26	0.7	2.43442e-10
26	0.8	2.50196e-10
26	0.9	2.53362e-10
26	1	2.52801e-10
26	1.1	2.48536e-10
26	1.2	2.40756e-10
26	1.3	2.29795e-10
26	1.4	2.16112e-10
26	1.5	2.00259e-10
26	1.6	1.82845e-10
26	1.7	1.64493e-10
26	1.8	1.4581e-10
26	1.9	1.27351e-10
26	2	1.09596e-10
26	2.1	9.29314e-11
26	2.2	7.76435e-11
26	2.3	6.3918e-11
26	2.4	5.18462e-11
26	2.5	4.14368e-11
26	2.6	3.2631e-11
26	2.7	2.53193e-11
26	2.8	1.93574e-11
26	2.9	1.4582e-11
26	3	1.08234e-11
26	3.1	7.91566e-12
26	3.2	5.70407e-12
26	3.3	4.05003e-12
26	3.4	2.8334e-12
26	3.5	1.95313e-12
26	3.6	1.32658e-12
26	3.7	8.87784e-13
26	3.8	5.85408e-13
26	3.9	3.80352e-13
26	4	2.43493e-13

27	-4	3.84821e-22
27	-3.9	7.52103e-22
27	-3.8	1.4499e-21
27	-3.7	2.75704e-21
27	-3.6	5.17118e-21
27	-3.5	9.56708e-21
27	-3.4	1.74587e-20
27	-3.3	3.14258e-20
27	-3.2	5.5796e-20
27	-3.1	9.77154e-20
27	-3	1.68797e-19
27	-2.9	2.87614e-19
27	-2.8	4.8339e-19
27	-2.7	8.01361e-19
27	-2.6	1.31039e-18
27	-2.5	2.11357e-18
27	-2.4	3.36259e-18
27	-2.3	5.27685e-18
27	-2.2	8.16805e-18
27	-2.1	1.24711e-17
27	-2	1.87816e-17
27	-1.9	2.78999e-17
27	-1.8	4.08806e-17
27	-1.7	5.90844e-17
27	-1.6	8.4231e-17
27	-1.5	1.18444e-16
27	-1.4	1.64285e-16
27	-1.3	2.24763e-16
27	-1.2	3.03314e-16
27	-1.1	4.03743e-16
27	-1	5.30102e-16
27	-0.9	6.86525e-16
27	-0.8	8.76993e-16
27	-0.7	1.10504e-15
27	-0.6	1.37342e-15
27	-0.5	1.68372e-15
27	-0.4	2.03601e-15
27	-0.3	2.42847e-15
27	-0.2	2.85712e-15
27	-0.1	3.31563e-15
27	0	3.7953e-15
27	0.1	4.28518e-15
27	0.2	4.77238e-15
27	0.3	5.24256e-15
27	0.4	5.68059e-15
27	0.5	6.07138e-15
27	0.6	6.40064e-15
27	0.7	6.65582e-15
27	0.8	6.82689e-15
27	0.9	6.90696e-15
27	1	6.89276e-15
27	1.1	6.78488e-15
27	1.2	6.5877e-15
27	1.3	6.30911e-15
27	1.4	5.95998e-15
27	1.5	5.55347e-15
27	1.6	5.10418e-15
27	1.7	4.62733e-15
27	1.8	4.13788e-15
27	1.9	3.64979e-15
27	2	3.17541e-15
27	2.1	2.72505e-15
27	2.2	2.30671e-15
27	2.3	1.92598e-15
27	2.4	1.58619e-15
27	2.5	1.28855e-15
27	2.6	1.0325e-15
27	2.7	8.16055e-16
27	2.8	6.36199e-16
27	2.9	4.89225e-16
27	3	3.71079e-16
27	3.1	2.77631e-16
27	3.2	2.04886e-16
27	3.3	1.49141e-16
27	3.4	1.07084e-16
27	3.5	7.58399e-17
27	3.6	5.298e-17
27	3.7	3.65063e-17
27	3.8	2.48123e-17
27	3.9	1.66345e-17
27	4	1.1e-17

28	-4	7.61283e-27
28	-3.9	1.41954e-26
28	-3.8	2.61344e-26
28	-3.7	4.75047e-26
28	-3.6	8.52553e-26
28	-3.5	1.51066e-25
28	-3.4	2.64285e-25
28	-3.3	4.56498e-25
28	-3.2	7.78513e-25
28	-3.1	1.31085e-24
28	-3	2.17922e-24
28	-2.9	3.57692e-24
28	-2.8	5.79667e-24
28	-2.7	9.27487e-24
28	-2.6	1.4652e-23
28	-2.5	2.28533e-23
28	-2.4	3.51933e-23
28	-2.3	5.35095e-23
28	-2.2	8.03273e-23
28	-2.1	1.19057e-22
28	-2	1.74224e-22
28	-1.9	2.51723e-22
28	-1.8	3.59085e-22
28	-1.7	5.05745e-22
28	-1.6	7.03278e-22
28	-1.5	9.65568e-22
28	-1.4	1.30888e-21
28	-1.3	1.75177e-21
28	-1.2	2.3148e-21
28	-1.1	3.02003e-21
28	-1	3.89018e-21
28	-0.9	4.94754e-21
28	-0.8	6.21253e-21
28	-0.7	7.70209e-21
28	-0.6	9.42778e-21
28	-0.5	1.13939e-20
28	-0.4	1.35954e-20
28	-0.3	1.60167e-20
28	-0.2	1.86302e-20
28	-0.1	2.13954e-20
28	0	2.42596e-20
28	0.1	2.71587e-20
28	0.2	3.00188e-20
28	0.3	3.27596e-20
28	0.4	3.52976e-20
28	0.5	3.75501e-20
28	0.6	3.94401e-20
28	0.7	4.09002e-20
28	0.8	4.18768e-20
28	0.9	4.23333e-20
28	1	4.22524e-20
28	1.1	4.16371e-20
28	1.2	4.05108e-20
28	1.3	3.89154e-20
28	1.4	3.6909e-20
28	1.5	3.45624e-20
28	1.6	3.19548e-20
28	1.7	2.91695e-20
28	1.8	2.62895e-20
28	1.9	2.33936e-20
28	2	2.05528e-20
28	2.1	1.78281e-20
28	2.2	1.52687e-20
28	2.3	1.29109e-20
28	2.4	1.07789e-20
28	2.5	8.88487e-21
28	2.6	7.23083e-21
28	2.7	5.81014e-21
28	2.8	4.60941e-21
28	2.9	3.61047e-21
28	3	2.79218e-21
28	3.1	2.13198e-21
28	3.2	1.60726e-21
28	3.3	1.19632e-21
28	3.4	8.7916e-22
28	3.5	6.37896e-22
28	3.6	4.56976e-22
28	3.7	3.23219e-22
28	3.8	2.25715e-22
28	3.9	1.55627e-22
28	4	1.05942e-22

29	-4	4.02472e-32
29	-3.9	7.19447e-32
29	-3.8	1.27086e-31
29	-3.7	2.21836e-31
29	-3.6	3.82651e-31
29	-3.5	6.52242e-31
29	-3.4	1.09863e-30
29	-3.3	1.82865e-30
29	-3.2	3.00777e-30
29	-3.1	4.88872e-30
29	-3	7.85202e-30
29	-2.9	1.24625e-29
29	-2.8	1.95462e-29
29	-2.7	3.0294e-29
29	-2.6	4.63966e-29
29	-2.5	7.02187e-29
29	-2.4	1.05016e-28
29	-2.3	1.55201e-28
29	-2.2	2.26656e-28
29	-2.1	3.27098e-28
29	-2	4.6647e-28
29	-1.9	6.57364e-28
29	-1.8	9.15427e-28
29	-1.7	1.25973e-27
29	-1.6	1.71304e-27
29	-1.5	2.30194e-27
29	-1.4	3.05672e-27
29	-1.3	4.01101e-27
29	-1.2	5.20101e-27
29	-1.1	6.66435e-27
29	-1	8.43847e-27
29	-0.9	1.05586e-26
29	-0.8	1.30552e-26
29	-0.7	1.59513e-26
29	-0.6	1.92596e-26
29	-0.5	2.29791e-26
29	-0.4	2.70928e-26
29	-0.3	3.15655e-26
29	-0.2	3.63418e-26
29	-0.1	4.13462e-26
29	0	4.64838e-26
29	0.1	5.1642e-26
29	0.2	5.66944e-26
29	0.3	6.15055e-26
29	0.4	6.59361e-26
29	0.5	6.98504e-26
29	0.6	7.31224e-26
29	0.7	7.56429e-26
29	0.8	7.73253e-26
29	0.9	7.81108e-26
29	1	7.79716e-26
29	1.1	7.69126e-26
29	1.2	7.49713e-26
29	1.3	7.22152e-26
29	1.4	6.87381e-26
29	1.5	6.46551e-26
29	1.6	6.00958e-26
29	1.7	5.51978e-26
29	1.8	5.00996e-26
29	1.9	4.49349e-26
29	2	3.98262e-26
29	2.1	3.48811e-26
29	2.2	3.01889e-26
29	2.3	2.5819e-26
29	2.4	2.18207e-26
29	2.5	1.82236e-26
29	2.6	1.50396e-26
29	2.7	1.22651e-26
29	2.8	9.88428e-27
29	2.9	7.87144e-27
29	3	6.1944e-27
29	3.1	4.81704e-27
29	3.2	3.70166e-27
29	3.3	2.81093e-27
29	3.4	2.1093e-27
29	3.5	1.5641e-27
29	3.6	1.1461e-27
29	3.7	8.2989e-28
29	3.8	5.93818e-28
29	3.9	4.19877e-28
29	4	2.93377e-28

30	-4	7.32863e-38
30	-3.9	1.2611e-37
30	-3.8	2.14609e-37
30	-3.7	3.61179e-37
30	-3.6	6.01134e-37
30	-3.5	9.89453e-37
30	-3.4	1.61062e-36
30	-3.3	2.59278e-36
30	-3.2	4.12774e-36
30	-3.1	6.49881e-36
30	-3	1.01188e-35
30	-2.9	1.55812e-35
30	-2.8	2.37271e-35
30	-2.7	3.57326e-35
30	-2.6	5.3218e-35
30	-2.5	7.83839e-35
30	-2.4	1.14175e-34
30	-2.3	1.6447e-34
30	-2.2	2.34304e-34
30	-2.1	3.301e-34
30	-2	4.59925e-34
30	-1.9	6.33727e-34
30	-1.8	8.6356e-34
30	-1.7	1.16374e-33
30	-1.6	1.55094e-33
30	-1.5	2.04413e-33
30	-1.4	2.66439e-33
30	-1.3	3.43447e-33
30	-1.2	4.37822e-33
30	-1.1	5.51961e-33
30	-1	6.88168e-33
30	-0.9	8.48507e-33
30	-0.8	1.03464e-32
30	-0.7	1.24767e-32
30	-0.6	1.48794e-32
30	-0.5	1.75486e-32
30	-0.4	2.0468e-32
30	-0.3	2.36093e-32
30	-0.2	2.69318e-32
30	-0.1	3.03824e-32
30	0	3.38964e-32
30	0.1	3.73989e-32
30	0.2	4.08074e-32
30	0.3	4.40346e-32
30	0.4	4.69919e-32
30	0.5	4.95937e-32
30	0.6	5.17612e-32
30	0.7	5.34266e-32
30	0.8	5.45361e-32
30	0.9	5.50536e-32
30	1	5.4962e-32
30	1.1	5.42641e-32
30	1.2	5.29832e-32
30	1.3	5.11608e-32
30	1.4	4.88553e-32
30	1.5	4.61382e-32
30	1.6	4.30907e-32
30	1.7	3.97999e-32
30	1.8	3.63541e-32
30	1.9	3.28398e-32
30	2	2.93374e-32
30	2.1	2.5919e-32
30	2.2	2.26458e-32
30	2.3	1.95674e-32
30	2.4	1.67206e-32
30	2.5	1.41301e-32
30	2.6	1.1809e-32
30	2.7	9.76015e-33
30	2.8	7.97763e-33
30	2.9	6.4486e-33
30	3	5.15504e-33
30	3.1	4.07542e-33
30	3.2	3.18631e-33
30	3.3	2.46364e-33
30	3.4	1.88383e-33
30	3.5	1.42456e-33
30	3.6	1.06535e-33
30	3.7	7.8792e-34
30	3.8	5.76294e-34
30	3.9	4.16851e-34
30	4	2.9819e-34

31	-4	5.66048e-44
31	-3.9	9.41058e-44
31	-3.8	1.54832e-43
31	-3.7	2.52106e-43
31	-3.6	4.06246e-43
31	-3.5	6.4785e-43
31	-3.4	1.02245e-42
31	-3.3	1.59694e-42
31	-3.2	2.46841e-42
31	-3.1	3.77595e-42
31	-3	5.71631e-42
31	-2.9	8.56419e-42
31	-2.8	1.26981e-41
31	-2.7	1.86325e-41
31	-2.6	2.70572e-41
31	-2.5	3.88846e-41
31	-2.4	5.53034e-41
31	-2.3	7.78408e-41
31	-2.2	1.08429e-40
31	-2.1	1.49472e-40
31	-2	2.0392e-40
31	-1.9	2.7532e-40
31	-1.8	3.67872e-40
31	-1.7	4.86449e-40
31	-1.6	6.36588e-40
31	-1.5	8.24443e-40
31	-1.4	1.05668e-39
31	-1.3	1.34031e-39
31	-1.2	1.68248e-39
31	-1.1	2.09014e-39
31	-1	2.5697e-39
31	-0.9	3.12658e-39
31	-0.8	3.76476e-39
31	-0.7	4.48627e-39
31	-0.6	5.29072e-39
31	-0.5	6.17482e-39
31	-0.4	7.13206e-39
31	-0.3	8.15243e-39
31	-0.2	9.2223e-39
31	-0.1	1.03246e-38
31	0	1.1439e-38
31	0.1	1.25424e-38
31	0.2	1.361e-38
31	0.3	1.46155e-38
31	0.4	1.55328e-38
31	0.5	1.63369e-38
31	0.6	1.70047e-38
31	0.7	1.75165e-38
31	0.8	1.7857e-38
31	0.9	1.80156e-38
31	1	1.79875e-38
31	1.1	1.77736e-38
31	1.2	1.73803e-38
31	1.3	1.68199e-38
31	1.4	1.6109e-38
31	1.5	1.52684e-38
31	1.6	1.43219e-38
31	1.7	1.3295e-38
31	1.8	1.2214e-38
31	1.9	1.11047e-38
31	2	9.99165e-39
31	2.1	8.89709e-39
31	2.2	7.84043e-39
31	2.3	6.83774e-39
31	2.4	5.90155e-39
31	2.5	5.04081e-39
31	2.6	4.26104e-39
31	2.7	3.5646e-39
31	2.8	2.95113e-39
31	2.9	2.41794e-39
31	3	1.96057e-39
31	3.1	1.57327e-39
31	3.2	1.2494e-39
31	3.3	9.81935e-40
31	3.4	7.63738e-40
31	3.5	5.87877e-40
31	3.6	4.47827e-40
31	3.7	3.37609e-40
31	3.8	2.51883e-40
31	3.9	1.85979e-40
31	4	1.35897e-40

32	-4	2.20184e-50
32	-3.9	3.54785e-50
32	-3.8	5.66116e-50
32	-3.7	8.94548e-50
32	-3.6	1.39978e-49
32	-3.5	2.16908e-49
32	-3.4	3.32852e-49
32	-3.3	5.05807e-49
32	-3.2	7.61162e-49
32	-3.1	1.1343e-48
32	-3	1.67393e-48
32	-2.9	2.44629e-48
32	-2.8	3.54026e-48
32	-2.7	5.07367e-48
32	-2.6	7.20058e-48
32	-2.5	1.01198e-47
32	-2.4	1.40843e-47
32	-2.3	1.94114e-47
32	-2.2	2.64934e-47
32	-2.1	3.58078e-47
32	-2	4.79265e-47
32	-1.9	6.35233e-47
32	-1.8	8.33776e-47
32	-1.7	1.08374e-46
32	-1.6	1.39495e-46
32	-1.5	1.77808e-46
32	-1.4	2.24441e-46
32	-1.3	2.80552e-46
32	-1.2	3.47282e-46
32	-1.1	4.25707e-46
32	-1	5.1677e-46
32	-0.9	6.21217e-46
32	-0.8	7.39517e-46
32	-0.7	8.71789e-46
32	-0.6	1.01773e-45
32	-0.5	1.17656e-45
32	-0.4	1.34696e-45
32	-0.3	1.52705e-45
32	-0.2	1.7144e-45
32	-0.1	1.90602e-45
32	0	2.09847e-45
32	0.1	2.2879e-45
32	0.2	2.47019e-45
32	0.3	2.64109e-45
32	0.4	2.79636e-45
32	0.5	2.932e-45
32	0.6	3.04433e-45
32	0.7	3.13025e-45
32	0.8	3.18732e-45
32	0.9	3.21388e-45
32	1	3.20918e-45
32	1.1	3.17334e-45
32	1.2	3.10741e-45
32	1.3	3.01327e-45
32	1.4	2.8936e-45
32	1.5	2.75167e-45
32	1.6	2.59127e-45
32	1.7	2.41651e-45
32	1.8	2.23163e-45
32	1.9	2.04087e-45
32	2	1.84828e-45
32	2.1	1.6576e-45
32	2.2	1.47214e-45
32	2.3	1.29473e-45
32	2.4	1.12763e-45
32	2.5	9.72551e-46
32	2.6	8.3065e-46
32	2.7	7.02558e-46
32	2.8	5.88444e-46
32	2.9	4.88075e-46
32	3	4.00892e-46
32	3.1	3.26082e-46
32	3.2	2.62655e-46
32	3.3	2.09509e-46
32	3.4	1.65493e-46
32	3.5	1.29453e-46
32	3.6	1.00278e-46
32	3.7	7.69237e-47
32	3.8	5.84348e-47
32	3.9	4.39584e-47
32	4	3.27469e-47

33	-4	4.97175e-57
33	-3.9	7.78617e-57
33	-3.8	1.20823e-56
33	-3.7	1.85776e-56
33	-3.6	2.83034e-56
33	-3.5	4.27269e-56
33	-3.4	6.3911e-56
33	-3.3	9.47244e-56
33	-3.2	1.39111e-55
33	-3.1	2.02428e-55
33	-3	2.91872e-55
33	-2.9	4.16991e-55
33	-2.8	5.90301e-55
33	-2.7	8.28002e-55
33	-2.6	1.15081e-54
33	-2.5	1.58483e-54
33	-2.4	2.16261e-54
33	-2.3	2.92405e-54
33	-2.2	3.91744e-54
33	-2.1	5.20035e-54
33	-2	6.8403e-54
33	-1.9	8.91516e-54
33	-1.8	1.15132e-53
33	-1.7	1.47324e-53
33	-1.6	1.86794e-53
33	-1.5	2.34674e-53
33	-1.4	2.92132e-53
33	-1.3	3.60334e-53
33	-1.2	4.40396e-53
33	-1.1	5.33327e-53
33	-1	6.39964e-53
33	-0.9	7.60904e-53
33	-0.8	8.96429e-53
33	-0.7	1.04644e-52
33	-0.6	1.21039e-52
33	-0.5	1.38722e-52
33	-0.4	1.57536e-52
33	-0.3	1.77266e-52
33	-0.2	1.97644e-52
33	-0.1	2.1835e-52
33	0	2.39021e-52
33	0.1	2.59256e-52
33	0.2	2.78635e-52
33	0.3	2.96724e-52
33	0.4	3.131e-52
33	0.5	3.27359e-52
33	0.6	3.3914e-52
33	0.7	3.48132e-52
33	0.8	3.54097e-52
33	0.9	3.56872e-52
33	1	3.56381e-52
33	1.1	3.52637e-52
33	1.2	3.45743e-52
33	1.3	3.35886e-52
33	1.4	3.23326e-52
33	1.5	3.08392e-52
33	1.6	2.91458e-52
33	1.7	2.72937e-52
33	1.8	2.53256e-52
33	1.9	2.32846e-52
33	2	2.12125e-52
33	2.1	1.91481e-52
33	2.2	1.71266e-52
33	2.3	1.51785e-52
33	2.4	1.3329e-52
33	2.5	1.15979e-52
33	2.6	9.99938e-53
33	2.7	8.54238e-53
33	2.8	7.23097e-53
33	2.9	6.06493e-53
33	3	5.04043e-53
33	3.1	4.1507e-53
33	3.2	3.38678e-53
33	3.3	2.73819e-53
33	3.4	2.19358e-53
33	3.5	1.74123e-53
33	3.6	1.36952e-53
33	3.7	1.06732e-53
33	3.8	8.24198e-54
33	3.9	6.30639e-54
33	4	4.78126e-54

34	-4	7.33234e-64
34	-3.9	1.11883e-63
34	-3.8	1.69251e-63
34	-3.7	2.53829e-63
34	-3.6	3.77394e-63
34	-3.5	5.56276e-63
34	-3.4	8.12885e-63
34	-3.3	1.17764e-62
34	-3.2	1.69136e-62
34	-3.1	2.40827e-62
34	-3	3.39951e-62
34	-2.9	4.75741e-62
34	-2.8	6.60037e-62
34	-2.7	9.07839e-62
34	-2.6	1.23792e-61
34	-2.5	1.67348e-61
34	-2.4	2.2428e-61
34	-2.3	2.97991e-61
34	-2.2	3.92518e-61
34	-2.1	5.12577e-61
34	-2	6.63593e-61
34	-1.9	8.51701e-61
34	-1.8	1.08372e-60
34	-1.7	1.36706e-60
34	-1.6	1.70964e-60
34	-1.5	2.11964e-60
34	-1.4	2.60533e-60
34	-1.3	3.17474e-60
34	-1.2	3.83526e-60
34	-1.1	4.59331e-60
34	-1	5.45381e-60
34	-0.9	6.41974e-60
34	-0.8	7.49165e-60
34	-0.7	8.66724e-60
34	-0.6	9.94093e-60
34	-0.5	1.13036e-59
34	-0.4	1.27423e-59
34	-0.3	1.42405e-59
34	-0.2	1.57777e-59
34	-0.1	1.73303e-59
34	0	1.88717e-59
34	0.1	2.03732e-59
34	0.2	2.18047e-59
34	0.3	2.31359e-59
34	0.4	2.43368e-59
34	0.5	2.53796e-59
34	0.6	2.62391e-59
34	0.7	2.6894e-59
34	0.8	2.73278e-59
34	0.9	2.75295e-59
34	1	2.74938e-59
34	1.1	2.72217e-59
34	1.2	2.67201e-59
34	1.3	2.60018e-59
34	1.4	2.50849e-59
34	1.5	2.39919e-59
34	1.6	2.27489e-59
34	1.7	2.13845e-59
34	1.8	1.99287e-59
34	1.9	1.84121e-59
34	2	1.68644e-59
34	2.1	1.53138e-59
34	2.2	1.3786e-59
34	2.3	1.23036e-59
34	2.4	1.08861e-59
34	2.5	9.54899e-60
34	2.6	8.30394e-60
34	2.7	7.15902e-60
34	2.8	6.1188e-60
34	2.9	5.18469e-60
34	3	4.35533e-60
34	3.1	3.62713e-60
34	3.2	2.99467e-60
34	3.3	2.45119e-60
34	3.4	1.98906e-60
34	3.5	1.60016e-60
34	3.6	1.27621e-60
34	3.7	1.00907e-60
34	3.8	7.90981e-61
34	3.9	6.14686e-61
34	4	4.73569e-61

35	-4	7.79161e-71
35	-3.9	1.16095e-70
35	-3.8	1.71575e-70
35	-3.7	2.51507e-70
35	-3.6	3.65679e-70
35	-3.5	5.27357e-70
35	-3.4	7.54335e-70
35	-3.3	1.07023e-69
35	-3.2	1.50608e-69
35	-3.1	2.10219e-69
35	-3	2.91039e-69
35	-2.9	3.99654e-69
35	-2.8	5.44342e-69
35	-2.7	7.35385e-69
35	-2.6	9.854e-69
35	-2.5	1.30968e-68
35	-2.4	1.72652e-68
35	-2.3	2.25753e-68
35	-2.2	2.92786e-68
35	-2.1	3.76636e-68
35	-2	4.8056e-68
35	-1.9	6.08175e-68
35	-1.8	7.63421e-68
35	-1.7	9.50505e-68
35	-1.6	1.17381e-67
35	-1.5	1.4378e-67
35	-1.4	1.74684e-67
35	-1.3	2.10505e-67
35	-1.2	2.51609e-67
35	-1.1	2.98295e-67
35	-1	3.50767e-67
35	-0.9	4.09116e-67
35	-0.8	4.73293e-67
35	-0.7	5.43085e-67
35	-0.6	6.18102e-67
35	-0.5	6.97762e-67
35	-0.4	7.81284e-67
35	-0.3	8.67692e-67
35	-0.2	9.55822e-67
35	-0.1	1.04434e-66
35	0	1.13178e-66
35	0.1	1.21658e-66
35	0.2	1.29709e-66
35	0.3	1.37169e-66
35	0.4	1.43878e-66
35	0.5	1.49689e-66
35	0.6	1.54468e-66
35	0.7	1.58104e-66
35	0.8	1.6051e-66
35	0.9	1.61627e-66
35	1	1.61429e-66
35	1.1	1.59921e-66
35	1.2	1.57139e-66
35	1.3	1.5315e-66
35	1.4	1.48048e-66
35	1.5	1.41953e-66
35	1.6	1.35002e-66
35	1.7	1.27348e-66
35	1.8	1.19151e-66
35	1.9	1.10576e-66
35	2	1.01783e-66
35	2.1	9.29278e-67
35	2.2	8.41532e-67
35	2.3	7.55876e-67
35	2.4	6.73419e-67
35	2.5	5.95079e-67
35	2.6	5.21577e-67
35	2.7	4.53437e-67
35	2.8	3.90995e-67
35	2.9	3.3441e-67
35	3	2.83689e-67
35	3.1	2.38704e-67
35	3.2	1.9922e-67
35	3.3	1.64915e-67
35	3.4	1.35407e-67
35	3.5	1.10275e-67
35	3.6	8.90778e-68
35	3.7	7.137e-68
35	3.8	5.67174e-68
35	3.9	4.47067e-68
35	4	3.49528e-68

36	-4	6.47521e-78
36	-3.9	9.43957e-78
36	-3.8	1.36552e-77
36	-3.7	1.96018e-77
36	-3.6	2.79216e-77
36	-3.5	3.9467e-77
36	-3.4	5.53577e-77
36	-3.3	7.70495e-77
36	-3.2	1.06417e-76
36	-3.1	1.45848e-76
36	-3	1.98353e-76
36	-2.9	2.67687e-76
36	-2.8	3.58479e-76
36	-2.7	4.76376e-76
36	-2.6	6.2818e-76
36	-2.5	8.21993e-76
36	-2.4	1.06733e-75
36	-2.3	1.37525e-75
36	-2.2	1.75838e-75
36	-2.1	2.23096e-75
36	-2	2.8088e-75
36	-1.9	3.50912e-75
36	-1.8	4.35035e-75
36	-1.7	5.3518e-75
36	-1.6	6.53317e-75
36	-1.5	7.91403e-75
36	-1.4	9.51305e-75
36	-1.3	1.13473e-74
36	-1.2	1.34311e-74
36	-1.1	1.57754e-74
36	-1	1.83865e-74
36	-0.9	2.1265e-74
36	-0.8	2.44051e-74
36	-0.7	2.77937e-74
36	-0.6	3.14095e-74
36	-0.5	3.52228e-74
36	-0.4	3.91954e-74
36	-0.3	4.32809e-74
36	-0.2	4.74248e-74
36	-0.1	5.15661e-74
36	0	5.56381e-74
36	0.1	5.95702e-74
36	0.2	6.32899e-74
36	0.3	6.67251e-74
36	0.4	6.9806e-74
36	0.5	7.24678e-74
36	0.6	7.46529e-74
36	0.7	7.63128e-74
36	0.8	7.74099e-74
36	0.9	7.79193e-74
36	1	7.78292e-74
36	1.1	7.71416e-74
36	1.2	7.58724e-74
36	1.3	7.40505e-74
36	1.4	7.17169e-74
36	1.5	6.89229e-74
36	1.6	6.57286e-74
36	1.7	6.22006e-74
36	1.8	5.84095e-74
36	1.9	5.44279e-74
36	2	5.03279e-74
36	2.1	4.6179e-74
36	2.2	4.20465e-74
36	2.3	3.79895e-74
36	2.4	3.40601e-74
36	2.5	3.03025e-74
36	2.6	2.67522e-74
36	2.7	2.34363e-74
36	2.8	2.03736e-74
36	2.9	1.7575e-74
36	3	1.50443e-74
36	3.1	1.2779e-74
36	3.2	1.07714e-74
36	3.3	9.00938e-75
36	3.4	7.47769e-75
36	3.5	6.1587e-75
36	3.6	5.03337e-75
36	3.7	4.08205e-75
36	3.8	3.28509e-75
36	3.9	2.6234e-75
36	4	2.07888e-75

37	-4	4.50702e-85
37	-3.9	6.43959e-85
37	-3.8	9.13388e-85
37	-3.7	1.28611e-84
37	-3.6	1.79776e-84
37	-3.5	2.49466e-84
37	-3.4	3.43652e-84
37	-3.3	4.69953e-84
37	-3.2	6.37995e-84
37	-3.1	8.5982e-84
37	-3	1.15034e-83
37	-2.9	1.52782e-83
37	-2.8	2.0144e-83
37	-2.7	2.63661e-83
37	-2.6	3.4259e-83
37	-2.5	4.41907e-83
37	-2.4	5.65868e-83
37	-2.3	7.19327e-83
37	-2.2	9.07749e-83
37	-2.1	1.13719e-82
37	-2	1.41425e-82
37	-1.9	1.74602e-82
37	-1.8	2.13993e-82
37	-1.7	2.60362e-82
37	-1.6	3.14472e-82
37	-1.5	3.77064e-82
37	-1.4	4.48823e-82
37	-1.3	5.30351e-82
37	-1.2	6.22128e-82
37	-1.1	7.24474e-82
37	-1	8.37518e-82
37	-0.9	9.61154e-82
37	-0.8	1.09501e-81
37	-0.7	1.23844e-81
37	-0.6	1.39045e-81
37	-0.5	1.54976e-81
37	-0.4	1.71475e-81
37	-0.3	1.8835e-81
37	-0.2	2.0538e-81
37	-0.1	2.2232e-81
37	0	2.38905e-81
37	0.1	2.5486e-81
37	0.2	2.69901e-81
37	0.3	2.83749e-81
37	0.4	2.96137e-81
37	0.5	3.06817e-81
37	0.6	3.15568e-81
37	0.7	3.22206e-81
37	0.8	3.2659e-81
37	0.9	3.28624e-81
37	1	3.28264e-81
37	1.1	3.25518e-81
37	1.2	3.20446e-81
37	1.3	3.13157e-81
37	1.4	3.03806e-81
37	1.5	2.9259e-81
37	1.6	2.79736e-81
37	1.7	2.65501e-81
37	1.8	2.50157e-81
37	1.9	2.33983e-81
37	2	2.17263e-81
37	2.1	2.00269e-81
37	2.2	1.83261e-81
37	2.3	1.66477e-81
37	2.4	1.50129e-81
37	2.5	1.34401e-81
37	2.6	1.19446e-81
37	2.7	1.05382e-81
37	2.8	9.22967e-82
37	2.9	8.02483e-82
37	3	6.92649e-82
37	3.1	5.93496e-82
37	3.2	5.04836e-82
37	3.3	4.26295e-82
37	3.4	3.57354e-82
37	3.5	2.97381e-82
37	3.6	2.45673e-82
37	3.7	2.01478e-82
37	3.8	1.64031e-82
37	3.9	1.32572e-82
37	4	1.06367e-82

38	-4	2.7827e-92
38	-3.9	3.90289e-92
38	-3.8	5.43624e-92
38	-3.7	7.51976e-92
38	-3.6	1.033e-91
38	-3.5	1.40926e-91
38	-3.4	1.9093e-91
38	-3.3	2.56891e-91
38	-3.2	3.43254e-91
38	-3.1	4.55487e-91
38	-3	6.00244e-91
38	-2.9	7.85547e-91
38	-2.8	1.02096e-90
38	-2.7	1.31777e-90
38	-2.6	1.68912e-90
38	-2.5	2.15018e-90
38	-2.4	2.7182e-90
38	-2.3	3.41255e-90
38	-2.2	4.25472e-90
38	-2.1	5.26811e-90
38	-2	6.47785e-90
38	-1.9	7.91042e-90
38	-1.8	9.59314e-90
38	-1.7	1.15535e-89
38	-1.6	1.38185e-89
38	-1.5	1.64134e-89
38	-1.4	1.93611e-89
38	-1.3	2.26805e-89
38	-1.2	2.63857e-89
38	-1.1	3.04843e-89
38	-1	3.49765e-89
38	-0.9	3.98538e-89
38	-0.8	4.50978e-89
38	-0.7	5.06795e-89
38	-0.6	5.65591e-89
38	-0.5	6.26852e-89
38	-0.4	6.89954e-89
38	-0.3	7.54167e-89
38	-0.2	8.18667e-89
38	-0.1	8.82551e-89
38	0	9.44853e-89
38	0.1	1.00457e-88
38	0.2	1.0607e-88
38	0.3	1.11223e-88
38	0.4	1.15821e-88
38	0.5	1.19777e-88
38	0.6	1.23014e-88
38	0.7	1.25466e-88
38	0.8	1.27083e-88
38	0.9	1.27834e-88
38	1	1.27701e-88
38	1.1	1.26688e-88
38	1.2	1.24816e-88
38	1.3	1.22122e-88
38	1.4	1.18663e-88
38	1.5	1.14505e-88
38	1.6	1.09731e-88
38	1.7	1.0443e-88
38	1.8	9.86989e-89
38	1.9	9.26388e-89
38	2	8.63507e-89
38	2.1	7.9934e-89
38	2.2	7.34834e-89
38	2.3	6.70872e-89
38	2.4	6.0825e-89
38	2.5	5.47668e-89
38	2.6	4.89717e-89
38	2.7	4.34876e-89
38	2.8	3.83511e-89
38	2.9	3.35879e-89
38	3	2.92132e-89
38	3.1	2.5233e-89
38	3.2	2.16447e-89
38	3.3	1.84385e-89
38	3.4	1.55989e-89
38	3.5	1.31055e-89
38	3.6	1.09346e-89
38	3.7	9.06042e-90
38	3.8	7.45564e-90
38	3.9	6.09276e-90
38	4	4.94465e-90

39	-4	1.59917e-99
39	-3.9	2.20484e-99
39	-3.8	3.01998e-99
39	-3.7	4.10937e-99
39	-3.6	5.5551e-99
39	-3.5	7.46025e-99
39	-3.4	9.95312e-99
39	-3.3	1.3192e-98
39	-3.2	1.73702e-98
39	-3.1	2.27219e-98
39	-3	2.95277e-98
39	-2.9	3.81205e-98
39	-2.8	4.88914e-98
39	-2.7	6.22947e-98
39	-2.6	7.88523e-98
39	-2.5	9.91568e-98
39	-2.4	1.23873e-97
39	-2.3	1.53735e-97
39	-2.2	1.89546e-97
39	-2.1	2.32167e-97
39	-2	2.82509e-97
39	-1.9	3.41514e-97
39	-1.8	4.10137e-97
39	-1.7	4.89322e-97
39	-1.6	5.79969e-97
39	-1.5	6.82904e-97
39	-1.4	7.98838e-97
39	-1.3	9.28331e-97
39	-1.2	1.07175e-96
39	-1.1	1.22921e-96
39	-1	1.40057e-96
39	-0.9	1.58535e-96
39	-0.8	1.78276e-96
39	-0.7	1.99162e-96
39	-0.6	2.21036e-96
39	-0.5	2.43705e-96
39	-0.4	2.66938e-96
39	-0.3	2.9047e-96
39	-0.2	3.14005e-96
39	-0.1	3.37223e-96
39	0	3.59784e-96
39	0.1	3.81339e-96
39	0.2	4.01537e-96
39	0.3	4.20034e-96
39	0.4	4.36504e-96
39	0.5	4.50647e-96
39	0.6	4.622e-96
39	0.7	4.70942e-96
39	0.8	4.76705e-96
39	0.9	4.79377e-96
39	1	4.78904e-96
39	1.1	4.75297e-96
39	1.2	4.68626e-96
39	1.3	4.5902e-96
39	1.4	4.46665e-96
39	1.5	4.31795e-96
39	1.6	4.14684e-96
39	1.7	3.95641e-96
39	1.8	3.74999e-96
39	1.9	3.53105e-96
39	2	3.30311e-96
39	2.1	3.06963e-96
39	2.2	2.83396e-96
39	2.3	2.59924e-96
39	2.4	2.36834e-96
39	2.5	2.14381e-96
39	2.6	1.92784e-96
39	2.7	1.72228e-96
39	2.8	1.52855e-96
39	2.9	1.34772e-96
39	3	1.1805e-96
39	3.1	1.02725e-96
39	3.2	8.88034e-97
39	3.3	7.62656e-97
39	3.4	6.50688e-97
39	3.5	5.5152e-97
39	3.6	4.64403e-97
39	3.7	3.88484e-97
39	3.8	3.22846e-97
39	3.9	2.6654e-97
39	4	2.18612e-97

40	-4	8.90676e-107
40	-3.9	1.20869e-106
40	-3.8	1.63003e-106
40	-3.7	2.18456e-106
40	-3.6	2.90948e-106
40	-3.5	3.85083e-106
40	-3.4	5.06498e-106
40	-3.3	6.62044e-106
40	-3.2	8.59968e-106
40	-3.1	1.1101e-105
40	-3	1.42406e-105
40	-2.9	1.81544e-105
40	-2.8	2.29996e-105
40	-2.7	2.89563e-105
40	-2.6	3.62286e-105
40	-2.5	4.5045e-105
40	-2.4	5.5658e-105
40	-2.3	6.83429e-105
40	-2.2	8.3396e-105
40	-2.1	1.01131e-104
40	-2	1.21872e-104
40	-1.9	1.45953e-104
40	-1.8	1.73704e-104
40	-1.7	2.05442e-104
40	-1.6	2.41465e-104
40	-1.5	2.82037e-104
40	-1.4	3.27373e-104
40	-1.3	3.77629e-104
40	-1.2	4.32886e-104
40	-1.1	4.93137e-104
40	-1	5.58274e-104
40	-0.9	6.28077e-104
40	-0.8	7.02205e-104
40	-0.7	7.8019e-104
40	-0.6	8.61435e-104
40	-0.5	9.45215e-104
40	-0.4	1.03068e-103
40	-0.3	1.11687e-103
40	-0.2	1.20273e-103
40	-0.1	1.28712e-103
40	0	1.36885e-103
40	0.1	1.4467e-103
40	0.2	1.51944e-103
40	0.3	1.58591e-103
40	0.4	1.64497e-103
40	0.5	1.69559e-103
40	0.6	1.73689e-103
40	0.7	1.7681e-103
40	0.8	1.78867e-103
40	0.9	1.79819e-103
40	1	1.79651e-103
40	1.1	1.78364e-103
40	1.2	1.75983e-103
40	1.3	1.72553e-103
40	1.4	1.68135e-103
40	1.5	1.62809e-103
40	1.6	1.5667e-103
40	1.7	1.49823e-103
40	1.8	1.42382e-103
40	1.9	1.34468e-103
40	2	1.26203e-103
40	2.1	1.17707e-103
40	2.2	1.091e-103
40	2.3	1.00492e-103
40	2.4	9.19863e-104
40	2.5	8.3676e-104
40	2.6	7.56422e-104
40	2.7	6.79538e-104
40	2.8	6.06664e-104
40	2.9	5.38231e-104
40	3	4.74542e-104
40	3.1	4.15783e-104
40	3.2	3.62029e-104
40	3.3	3.13261e-104
40	3.4	2.69374e-104
40	3.5	2.30192e-104
40	3.6	1.95483e-104
40	3.7	1.64974e-104
40	3.8	1.38359e-104
40	3.9	1.15314e-104
40	4	9.55094e-105

41	-4	4.97358e-114
41	-3.9	6.65083e-114
41	-3.8	8.84094e-114
41	-3.7	1.16826e-113
41	-3.6	1.53459e-113
41	-3.5	2.00385e-113
41	-3.4	2.60108e-113
41	-3.3	3.35629e-113
41	-3.2	4.30508e-113
41	-3.1	5.48932e-113
41	-3	6.95782e-113
41	-2.9	8.76686e-113
41	-2.8	1.09807e-112
41	-2.7	1.36721e-112
41	-2.6	1.69221e-112
41	-2.5	2.08205e-112
41	-2.4	2.54651e-112
41	-2.3	3.0961e-112
41	-2.2	3.74197e-112
41	-2.1	4.49576e-112
41	-2	5.36935e-112
41	-1.9	6.37466e-112
41	-1.8	7.52331e-112
41	-1.7	8.82627e-112
41	-1.6	1.02935e-111
41	-1.5	1.19334e-111
41	-1.4	1.37525e-111
41	-1.3	1.57549e-111
41	-1.2	1.79418e-111
41	-1.1	2.03111e-111
41	-1	2.28568e-111
41	-0.9	2.55691e-111
41	-0.8	2.84336e-111
41	-0.7	3.14315e-111
41	-0.6	3.45394e-111
41	-0.5	3.77294e-111
41	-0.4	4.09696e-111
41	-0.3	4.42243e-111
41	-0.2	4.74543e-111
41	-0.1	5.06183e-111
41	0	5.36729e-111
41	0.1	5.65744e-111
41	0.2	5.92789e-111
41	0.3	6.17444e-111
41	0.4	6.3931e-111
41	0.5	6.58024e-111
41	0.6	6.73269e-111
41	0.7	6.84781e-111
41	0.8	6.92359e-111
41	0.9	6.95868e-111
41	1	6.95248e-111
41	1.1	6.90508e-111
41	1.2	6.81732e-111
41	1.3	6.69076e-111
41	1.4	6.52761e-111
41	1.5	6.33066e-111
41	1.6	6.10323e-111
41	1.7	5.84908e-111
41	1.8	5.57226e-111
41	1.9	5.27706e-111
41	2	4.96786e-111
41	2.1	4.64903e-111
41	2.2	4.32486e-111
41	2.3	3.99944e-111
41	2.4	3.67656e-111
41	2.5	3.3597e-111
41	2.6	3.05194e-111
41	2.7	2.75593e-111
41	2.8	2.47387e-111
41	2.9	2.20751e-111
41	3	1.95814e-111
41	3.1	1.72664e-111
41	3.2	1.51348e-111
41	3.3	1.31876e-111
41	3.4	1.14228e-111
41	3.5	9.83554e-112
41	3.6	8.41857e-112
41	3.7	7.163e-112
41	3.8	6.05854e-112
41	3.9	5.09398e-112
41	4	4.25759e-112

42	-4	2.86483e-121
42	-3.9	3.77892e-121
42	-3.8	4.95648e-121
42	-3.7	6.46424e-121
42	-3.6	8.383e-121
42	-3.5	1.08098e-120
42	-3.4	1.38605e-120
42	-3.3	1.76715e-120
42	-3.2	2.24031e-120
42	-3.1	2.8241e-120
42	-3	3.53989e-120
42	-2.9	4.41203e-120
42	-2.8	5.46795e-120
42	-2.7	6.73828e-120
42	-2.6	8.25679e-120
42	-2.5	1.00603e-119
42	-2.4	1.21885e-119
42	-2.3	1.46834e-119
42	-2.2	1.7589e-119
42	-2.1	2.09504e-119
42	-2	2.48132e-119
42	-1.9	2.92221e-119
42	-1.8	3.42198e-119
42	-1.7	3.98457e-119
42	-1.6	4.61343e-119
42	-1.5	5.31134e-119
42	-1.4	6.08027e-119
42	-1.3	6.92117e-119
42	-1.2	7.83382e-119
42	-1.1	8.8167e-119
42	-1	9.86681e-119
42	-0.9	1.09796e-118
42	-0.8	1.21487e-118
42	-0.7	1.33664e-118
42	-0.6	1.46231e-118
42	-0.5	1.59074e-118
42	-0.4	1.72067e-118
42	-0.3	1.85069e-118
42	-0.2	1.97929e-118
42	-0.1	2.10485e-118
42	0	2.22573e-118
42	0.1	2.34024e-118
42	0.2	2.44673e-118
42	0.3	2.54362e-118
42	0.4	2.62938e-118
42	0.5	2.70268e-118
42	0.6	2.76232e-118
42	0.7	2.80731e-118
42	0.8	2.8369e-118
42	0.9	2.85061e-118
42	1	2.84818e-118
42	1.1	2.82968e-118
42	1.2	2.7954e-118
42	1.3	2.74592e-118
42	1.4	2.68208e-118
42	1.5	2.6049e-118
42	1.6	2.51565e-118
42	1.7	2.41572e-118
42	1.8	2.30665e-118
42	1.9	2.19005e-118
42	2	2.0676e-118
42	2.1	1.94095e-118
42	2.2	1.81176e-118
42	2.3	1.68161e-118
42	2.4	1.55199e-118
42	2.5	1.42426e-118
42	2.6	1.29966e-118
42	2.7	1.17925e-118
42	2.8	1.06395e-118
42	2.9	9.54496e-119
42	3	8.51461e-119
42	3.1	7.55255e-119
42	3.2	6.66133e-119
42	3.3	5.84206e-119
42	3.4	5.09459e-119
42	3.5	4.41764e-119
42	3.6	3.80898e-119
42	3.7	3.26562e-119
42	3.8	2.78395e-119
42	3.9	2.3599e-119
42	4	1.98914e-119

43	-4	1.74327e-128
43	-3.9	2.27041e-128
43	-3.8	2.94099e-128
43	-3.7	3.7891e-128
43	-3.6	4.85544e-128
43	-3.5	6.18832e-128
43	-3.4	7.84455e-128
43	-3.3	9.89041e-128
43	-3.2	1.24026e-127
43	-3.1	1.54689e-127
43	-3	1.91894e-127
43	-2.9	2.36762e-127
43	-2.8	2.90545e-127
43	-2.7	3.54624e-127
43	-2.6	4.30499e-127
43	-2.5	5.19791e-127
43	-2.4	6.24217e-127
43	-2.3	7.45579e-127
43	-2.2	8.85734e-127
43	-2.1	1.04656e-126
43	-2	1.22992e-126
43	-1.9	1.4376e-126
43	-1.8	1.6713e-126
43	-1.7	1.9325e-126
43	-1.6	2.22247e-126
43	-1.5	2.54216e-126
43	-1.4	2.89216e-126
43	-1.3	3.2726e-126
43	-1.2	3.6831e-126
43	-1.1	4.12275e-126
43	-1	4.58998e-126
43	-0.9	5.0826e-126
43	-0.8	5.59773e-126
43	-0.7	6.13182e-126
43	-0.6	6.68064e-126
43	-0.5	7.23932e-126
43	-0.4	7.80241e-126
43	-0.3	8.36394e-126
43	-0.2	8.91752e-126
43	-0.1	9.45646e-126
43	0	9.97389e-126
43	0.1	1.04629e-125
43	0.2	1.09167e-125
43	0.3	1.13287e-125
43	0.4	1.16928e-125
43	0.5	1.20036e-125
43	0.6	1.22561e-125
43	0.7	1.24465e-125
43	0.8	1.25717e-125
43	0.9	1.26296e-125
43	1	1.26194e-125
43	1.1	1.25411e-125
43	1.2	1.23961e-125
43	1.3	1.21867e-125
43	1.4	1.19163e-125
43	1.5	1.15889e-125
43	1.6	1.12098e-125
43	1.7	1.07846e-125
43	1.8	1.03196e-125
43	1.9	9.82133e-126
43	2	9.29672e-126
43	2.1	8.75267e-126
43	2.2	8.19601e-126
43	2.3	7.63336e-126
43	2.4	7.07099e-126
43	2.5	6.51472e-126
43	2.6	5.96984e-126
43	2.7	5.44102e-126
43	2.8	4.9323e-126
43	2.9	4.44703e-126
43	3	3.98788e-126
43	3.1	3.55684e-126
43	3.2	3.15528e-126
43	3.3	2.78396e-126
43	3.4	2.44309e-126
43	3.5	2.13239e-126
43	3.6	1.85117e-126
43	3.7	1.59836e-126
43	3.8	1.37264e-126
43	3.9	1.17244e-126
43	4	9.9603e-127

44	-4	1.14322e-135
44	-3.9	1.47134e-135
44	-3.8	1.88388e-135
44	-3.7	2.39966e-135
44	-3.6	3.04091e-135
44	-3.5	3.83366e-135
44	-3.4	4.80818e-135
44	-3.3	5.99935e-135
44	-3.2	7.44706e-135
44	-3.1	9.19648e-135
44	-3	1.12984e-134
44	-2.9	1.38091e-134
44	-2.8	1.67909e-134
44	-2.7	2.03113e-134
44	-2.6	2.44432e-134
44	-2.5	2.92641e-134
44	-2.4	3.48554e-134
44	-2.3	4.1301e-134
44	-2.2	4.86865e-134
44	-2.1	5.70969e-134
44	-2	6.66153e-134
44	-1.9	7.732e-134
44	-1.8	8.92826e-134
44	-1.7	1.02565e-133
44	-1.6	1.17216e-133
44	-1.5	1.3327e-133
44	-1.4	1.50742e-133
44	-1.3	1.69626e-133
44	-1.2	1.89892e-133
44	-1.1	2.11484e-133
44	-1	2.34319e-133
44	-0.9	2.58281e-133
44	-0.8	2.83227e-133
44	-0.7	3.08982e-133
44	-0.6	3.35343e-133
44	-0.5	3.62077e-133
44	-0.4	3.88929e-133
44	-0.3	4.1562e-133
44	-0.2	4.41854e-133
44	-0.1	4.67324e-133
44	0	4.91716e-133
44	0.1	5.14715e-133
44	0.2	5.36015e-133
44	0.3	5.5532e-133
44	0.4	5.72356e-133
44	0.5	5.86875e-133
44	0.6	5.98663e-133
44	0.7	6.07541e-133
44	0.8	6.13375e-133
44	0.9	6.16073e-133
44	1	6.15596e-133
44	1.1	6.1195e-133
44	1.2	6.05192e-133
44	1.3	5.95425e-133
44	1.4	5.82797e-133
44	1.5	5.67499e-133
44	1.6	5.49754e-133
44	1.7	5.29821e-133
44	1.8	5.0798e-133
44	1.9	4.8453e-133
44	2	4.59782e-133
44	2.1	4.3405e-133
44	2.2	4.07647e-133
44	2.3	3.80877e-133
44	2.4	3.54033e-133
44	2.5	3.27384e-133
44	2.6	3.01182e-133
44	2.7	2.7565e-133
44	2.8	2.50982e-133
44	2.9	2.27344e-133
44	3	2.04872e-133
44	3.1	1.8367e-133
44	3.2	1.63813e-133
44	3.3	1.45351e-133
44	3.4	1.28305e-133
44	3.5	1.12674e-133
44	3.6	9.84383e-134
44	3.7	8.55578e-134
44	3.8	7.39796e-134
44	3.9	6.36387e-134
44	4	5.44612e-134

45	-4	8.21545e-143
45	-3.9	1.04568e-142
45	-3.8	1.3244e-142
45	-3.7	1.66916e-142
45	-3.6	2.0933e-142
45	-3.5	2.61228e-142
45	-3.4	3.24386e-142
45	-3.3	4.00831e-142
45	-3.2	4.92851e-142
45	-3.1	6.03011e-142
45	-3	7.34159e-142
45	-2.9	8.89427e-142
45	-2.8	1.07222e-141
45	-2.7	1.28622e-141
45	-2.6	1.53533e-141
45	-2.5	1.82366e-141
45	-2.4	2.15547e-141
45	-2.3	2.53509e-141
45	-2.2	2.96689e-141
45	-2.1	3.45513e-141
45	-2	4.00389e-141
45	-1.9	4.61696e-141
45	-1.8	5.29767e-141
45	-1.7	6.04879e-141
45	-1.6	6.8724e-141
45	-1.5	7.76968e-141
45	-1.4	8.74085e-141
45	-1.3	9.78496e-141
45	-1.2	1.08998e-140
45	-1.1	1.20819e-140
45	-1	1.33262e-140
45	-0.9	1.46263e-140
45	-0.8	1.59741e-140
45	-0.7	1.73602e-140
45	-0.6	1.87736e-140
45	-0.5	2.02021e-140
45	-0.4	2.16321e-140
45	-0.3	2.30493e-140
45	-0.2	2.44384e-140
45	-0.1	2.57835e-140
45	0	2.70687e-140
45	0.1	2.82779e-140
45	0.2	2.93956e-140
45	0.3	3.0407e-140
45	0.4	3.12983e-140
45	0.5	3.20569e-140
45	0.6	3.26722e-140
45	0.7	3.31353e-140
45	0.8	3.34394e-140
45	0.9	3.35801e-140
45	1	3.35552e-140
45	1.1	3.33652e-140
45	1.2	3.30128e-140
45	1.3	3.25033e-140
45	1.4	3.18439e-140
45	1.5	3.10443e-140
45	1.6	3.01156e-140
45	1.7	2.90708e-140
45	1.8	2.79241e-140
45	1.9	2.66904e-140
45	2	2.53855e-140
45	2.1	2.40256e-140
45	2.2	2.26264e-140
45	2.3	2.12038e-140
45	2.4	1.97727e-140
45	2.5	1.83474e-140
45	2.6	1.6941e-140
45	2.7	1.55653e-140
45	2.8	1.42309e-140
45	2.9	1.29468e-140
45	3	1.17205e-140
45	3.1	1.05581e-140
45	3.2	9.46417e-141
45	3.3	8.44177e-141
45	3.4	7.49273e-141
45	3.5	6.61762e-141
45	3.6	5.81592e-141
45	3.7	5.08617e-141
45	3.8	4.42608e-141
45	3.9	3.83267e-141
45	4	3.30248e-141

46	-4	6.55967e-150
46	-3.9	8.26311e-150
46	-3.8	1.03598e-149
46	-3.7	1.29273e-149
46	-3.6	1.60551e-149
46	-3.5	1.98456e-149
46	-3.4	2.44154e-149
46	-3.3	2.98958e-149
46	-3.2	3.64338e-149
46	-3.1	4.41922e-149
46	-3	5.33501e-149
46	-2.9	6.41021e-149
46	-2.8	7.66579e-149
46	-2.7	9.12408e-149
46	-2.6	1.08086e-148
46	-2.5	1.27437e-148
46	-2.4	1.49545e-148
46	-2.3	1.7466e-148
46	-2.2	2.03031e-148
46	-2.1	2.34899e-148
46	-2	2.70487e-148
46	-1.9	3.09998e-148
46	-1.8	3.53605e-148
46	-1.7	4.01445e-148
46	-1.6	4.53609e-148
46	-1.5	5.10134e-148
46	-1.4	5.70999e-148
46	-1.3	6.36111e-148
46	-1.2	7.05308e-148
46	-1.1	7.78345e-148
46	-1	8.54895e-148
46	-0.9	9.34547e-148
46	-0.8	1.0168e-147
46	-0.7	1.10108e-147
46	-0.6	1.18673e-147
46	-0.5	1.273e-147
46	-0.4	1.35912e-147
46	-0.3	1.44421e-147
46	-0.2	1.52739e-147
46	-0.1	1.60776e-147
46	0	1.68437e-147
46	0.1	1.75631e-147
46	0.2	1.82269e-147
46	0.3	1.88266e-147
46	0.4	1.93543e-147
46	0.5	1.98031e-147
46	0.6	2.01667e-147
46	0.7	2.04401e-147
46	0.8	2.06196e-147
46	0.9	2.07026e-147
46	1	2.06879e-147
46	1.1	2.05758e-147
46	1.2	2.03678e-147
46	1.3	2.00669e-147
46	1.4	1.96771e-147
46	1.5	1.9204e-147
46	1.6	1.86539e-147
46	1.7	1.80341e-147
46	1.8	1.73527e-147
46	1.9	1.66183e-147
46	2	1.584e-147
46	2.1	1.50269e-147
46	2.2	1.41884e-147
46	2.3	1.33335e-147
46	2.4	1.2471e-147
46	2.5	1.16093e-147
46	2.6	1.07563e-147
46	2.7	9.91886e-148
46	2.8	9.10353e-148
46	2.9	8.31584e-148
46	3	7.56048e-148
46	3.1	6.84133e-148
46	3.2	6.1614e-148
46	3.3	5.52288e-148
46	3.4	4.92719e-148
46	3.5	4.37503e-148
46	3.6	3.86642e-148
46	3.7	3.40084e-148
46	3.8	2.97721e-148
46	3.9	2.59407e-148
46	4	2.24958e-148

47	-4	5.8866e-157
47	-3.9	7.34353e-157
47	-3.8	9.11967e-157
47	-3.7	1.12742e-156
47	-3.6	1.38749e-156
47	-3.5	1.69983e-156
47	-3.4	2.07308e-156
47	-3.3	2.51686e-156
47	-3.2	3.04185e-156
47	-3.1	3.65974e-156
47	-3	4.38325e-156
47	-2.9	5.22608e-156
47	-2.8	6.20283e-156
47	-2.7	7.32889e-156
47	-2.6	8.62025e-156
47	-2.5	1.00934e-155
47	-2.4	1.17648e-155
47	-2.3	1.36512e-155
47	-2.2	1.57684e-155
47	-2.1	1.81317e-155
47	-2	2.07551e-155
47	-1.9	2.36507e-155
47	-1.8	2.68286e-155
47	-1.7	3.02961e-155
47	-1.6	3.40571e-155
47	-1.5	3.81122e-155
47	-1.4	4.24574e-155
47	-1.3	4.70844e-155
47	-1.2	5.19798e-155
47	-1.1	5.7125e-155
47	-1	6.24959e-155
47	-0.9	6.8063e-155
47	-0.8	7.37912e-155
47	-0.7	7.96401e-155
47	-0.6	8.55645e-155
47	-0.5	9.15143e-155
47	-0.4	9.74358e-155
47	-0.3	1.03272e-154
47	-0.2	1.08963e-154
47	-0.1	1.14449e-154
47	0	1.19667e-154
47	0.1	1.24559e-154
47	0.2	1.29065e-154
47	0.3	1.3313e-154
47	0.4	1.36703e-154
47	0.5	1.39737e-154
47	0.6	1.42194e-154
47	0.7	1.4404e-154
47	0.8	1.45252e-154
47	0.9	1.45812e-154
47	1	1.45713e-154
47	1.1	1.44956e-154
47	1.2	1.43552e-154
47	1.3	1.4152e-154
47	1.4	1.38886e-154
47	1.5	1.35685e-154
47	1.6	1.3196e-154
47	1.7	1.27757e-154
47	1.8	1.23129e-154
47	1.9	1.18133e-154
47	2	1.12828e-154
47	2.1	1.07274e-154
47	2.2	1.01533e-154
47	2.3	9.56656e-155
47	2.4	8.97298e-155
47	2.5	8.37822e-155
47	2.6	7.78754e-155
47	2.7	7.20581e-155
47	2.8	6.63743e-155
47	2.9	6.08626e-155
47	3	5.55565e-155
47	3.1	5.0484e-155
47	3.2	4.56674e-155
47	3.3	4.11237e-155
47	3.4	3.68649e-155
47	3.5	3.28979e-155
47	3.6	2.92251e-155
47	3.7	2.58451e-155
47	3.8	2.27528e-155
47	3.9	1.994e-155
47	4	1.7396e-155

48	-4	5.99349e-164
48	-3.9	7.409e-164
48	-3.8	9.11916e-164
48	-3.7	1.11755e-163
48	-3.6	1.36361e-163
48	-3.5	1.65665e-163
48	-3.4	2.00395e-163
48	-3.3	2.41355e-163
48	-3.2	2.89429e-163
48	-3.1	3.45576e-163
48	-3	4.10827e-163
48	-2.9	4.86283e-163
48	-2.8	5.73106e-163
48	-2.7	6.72505e-163
48	-2.6	7.85727e-163
48	-2.5	9.14034e-163
48	-2.4	1.05869e-162
48	-2.3	1.22093e-162
48	-2.2	1.40193e-162
48	-2.1	1.60279e-162
48	-2	1.82449e-162
48	-1.9	2.06787e-162
48	-1.8	2.33356e-162
48	-1.7	2.62199e-162
48	-1.6	2.9333e-162
48	-1.5	3.26736e-162
48	-1.4	3.62371e-162
48	-1.3	4.00152e-162
48	-1.2	4.39958e-162
48	-1.1	4.81629e-162
48	-1	5.24964e-162
48	-0.9	5.69719e-162
48	-0.8	6.15612e-162
48	-0.7	6.62322e-162
48	-0.6	7.09489e-162
48	-0.5	7.56723e-162
48	-0.4	8.03607e-162
48	-0.3	8.497e-162
48	-0.2	8.94545e-162
48	-0.1	9.37679e-162
48	0	9.78635e-162
48	0.1	1.01696e-161
48	0.2	1.0522e-161
48	0.3	1.08396e-161
48	0.4	1.11183e-161
48	0.5	1.13548e-161
48	0.6	1.15462e-161
48	0.7	1.16899e-161
48	0.8	1.17841e-161
48	0.9	1.18277e-161
48	1	1.182e-161
48	1.1	1.17611e-161
48	1.2	1.16519e-161
48	1.3	1.14937e-161
48	1.4	1.12885e-161
48	1.5	1.1039e-161
48	1.6	1.07482e-161
48	1.7	1.04198e-161
48	1.8	1.00576e-161
48	1.9	9.66604e-162
48	2	9.24946e-162
48	2.1	8.8125e-162
48	2.2	8.35982e-162
48	2.3	7.89605e-162
48	2.4	7.4257e-162
48	2.5	6.95313e-162
48	2.6	6.48244e-162
48	2.7	6.01743e-162
48	2.8	5.56159e-162
48	2.9	5.11802e-162
48	3	4.68943e-162
48	3.1	4.27813e-162
48	3.2	3.88599e-162
48	3.3	3.51451e-162
48	3.4	3.16478e-162
48	3.5	2.8375e-162
48	3.6	2.53306e-162
48	3.7	2.25148e-162
48	3.8	1.99254e-162
48	3.9	1.75574e-162
48	4	1.54038e-162

49	-4	6.97708e-171
49	-3.9	8.55133e-171
49	-3.8	1.04372e-170
49	-3.7	1.26861e-170
49	-3.6	1.53554e-170
49	-3.5	1.85092e-170
49	-3.4	2.22179e-170
49	-3.3	2.65589e-170
49	-3.2	3.16161e-170
49	-3.1	3.74799e-170
49	-3	4.42466e-170
49	-2.9	5.20178e-170
49	-2.8	6.08997e-170
49	-2.7	7.10018e-170
49	-2.6	8.24357e-170
49	-2.5	9.5313e-170
49	-2.4	1.09744e-169
49	-2.3	1.25834e-169
49	-2.2	1.43685e-169
49	-2.1	1.63385e-169
49	-2	1.85014e-169
49	-1.9	2.08636e-169
49	-1.8	2.34295e-169
49	-1.7	2.62018e-169
49	-1.6	2.91802e-169
49	-1.5	3.23621e-169
49	-1.4	3.57418e-169
49	-1.3	3.93105e-169
49	-1.2	4.30557e-169
49	-1.1	4.69617e-169
49	-1	5.10093e-169
49	-0.9	5.51753e-169
49	-0.8	5.94336e-169
49	-0.7	6.37545e-169
49	-0.6	6.81052e-169
49	-0.5	7.24504e-169
49	-0.4	7.67526e-169
49	-0.3	8.09722e-169
49	-0.2	8.50688e-169
49	-0.1	8.90012e-169
49	0	9.27284e-169
49	0.1	9.62101e-169
49	0.2	9.94077e-169
49	0.3	1.02285e-168
49	0.4	1.04807e-168
49	0.5	1.06946e-168
49	0.6	1.08675e-168
49	0.7	1.09972e-168
49	0.8	1.10823e-168
49	0.9	1.11216e-168
49	1	1.11147e-168
49	1.1	1.10615e-168
49	1.2	1.09629e-168
49	1.3	1.082e-168
49	1.4	1.06346e-168
49	1.5	1.0409e-168
49	1.6	1.01457e-168
49	1.7	9.84804e-169
49	1.8	9.51937e-169
49	1.9	9.16342e-169
49	2	8.78412e-169
49	2.1	8.38552e-169
49	2.2	7.97174e-169
49	2.3	7.54688e-169
49	2.4	7.11496e-169
49	2.5	6.67989e-169
49	2.6	6.24535e-169
49	2.7	5.81482e-169
49	2.8	5.39146e-169
49	2.9	4.97814e-169
49	3	4.57741e-169
49	3.1	4.19144e-169
49	3.2	3.82207e-169
49	3.3	3.47076e-169
49	3.4	3.13864e-169
49	3.5	2.82651e-169
49	3.6	2.53484e-169
49	3.7	2.26382e-169
49	3.8	2.01337e-169
49	3.9	1.78319e-169
49	4	1.57276e-169

50	-4	9.34443e-178
50	-3.9	1.13609e-177
50	-3.8	1.37574e-177
50	-3.7	1.6593e-177
50	-3.6	1.99331e-177
50	-3.5	2.38499e-177
50	-3.4	2.84225e-177
50	-3.3	3.37365e-177
50	-3.2	3.98842e-177
50	-3.1	4.6964e-177
50	-3	5.50797e-177
50	-2.9	6.43399e-177
50	-2.8	7.48571e-177
50	-2.7	8.67457e-177
50	-2.6	1.00121e-176
50	-2.5	1.15098e-176
50	-2.4	1.31786e-176
50	-2.3	1.50292e-176
50	-2.2	1.70712e-176
50	-2.1	1.93133e-176
50	-2	2.17627e-176
50	-1.9	2.44247e-176
50	-1.8	2.7303e-176
50	-1.7	3.03986e-176
50	-1.6	3.371e-176
50	-1.5	3.7233e-176
50	-1.4	4.096e-176
50	-1.3	4.48801e-176
50	-1.2	4.89792e-176
50	-1.1	5.32392e-176
50	-1	5.76388e-176
50	-0.9	6.21528e-176
50	-0.8	6.67527e-176
50	-0.7	7.1407e-176
50	-0.6	7.60808e-176
50	-0.5	8.07369e-176
50	-0.4	8.53359e-176
50	-0.3	8.98369e-176
50	-0.2	9.41977e-176
50	-0.1	9.83758e-176
50	0	1.02329e-175
50	0.1	1.06017e-175
50	0.2	1.09398e-175
50	0.3	1.12437e-175
50	0.4	1.15099e-175
50	0.5	1.17354e-175
50	0.6	1.19175e-175
50	0.7	1.20542e-175
50	0.8	1.21437e-175
50	0.9	1.21851e-175
50	1	1.21777e-175
50	1.1	1.21219e-175
50	1.2	1.20181e-175
50	1.3	1.18676e-175
50	1.4	1.16722e-175
50	1.5	1.14342e-175
50	1.6	1.11564e-175
50	1.7	1.08418e-175
50	1.8	1.04941e-175
50	1.9	1.01169e-175
50	2	9.71441e-176
50	2.1	9.29067e-176
50	2.2	8.84994e-176
50	2.3	8.39646e-176
50	2.4	7.93442e-176
50	2.5	7.46787e-176
50	2.6	7.0007e-176
50	2.7	6.53655e-176
50	2.8	6.07882e-176
50	2.9	5.63057e-176
50	3	5.19455e-176
50	3.1	4.77317e-176
50	3.2	4.36846e-176
50	3.3	3.9821e-176
50	3.4	3.61543e-176
50	3.5	3.26941e-176
50	3.6	2.94471e-176
50	3.7	2.64167e-176
50	3.8	2.36035e-176
50	3.9	2.10057e-176
50	4	1.86192e-176

