# Posterior Distribution calculation
# Model: one Lorentz
# Configuration file: input_oneGauss_histo.dat
# Sigma: 0.02 to 1, step 0.02
# Mu: -0.2 to 0.2, step 0.01
# Data file: ND_sample_1_histo.dat
# Data row: 7 to 64
# sigma_list[0] = 0.02
# sigma_list[1] = 0.04
# sigma_list[2] = 0.06
# sigma_list[3] = 0.08
# sigma_list[4] = 0.1
# sigma_list[5] = 0.12
# sigma_list[6] = 0.14
# sigma_list[7] = 0.16
# sigma_list[8] = 0.18
# sigma_list[9] = 0.2
# sigma_list[10] = 0.22
# sigma_list[11] = 0.24
# sigma_list[12] = 0.26
# sigma_list[13] = 0.28
# sigma_list[14] = 0.3
# sigma_list[15] = 0.32
# sigma_list[16] = 0.34
# sigma_list[17] = 0.36
# sigma_list[18] = 0.38
# sigma_list[19] = 0.4
# sigma_list[20] = 0.42
# sigma_list[21] = 0.44
# sigma_list[22] = 0.46
# sigma_list[23] = 0.48
# sigma_list[24] = 0.5
# sigma_list[25] = 0.52
# sigma_list[26] = 0.54
# sigma_list[27] = 0.56
# sigma_list[28] = 0.58
# sigma_list[29] = 0.6
# sigma_list[30] = 0.62
# sigma_list[31] = 0.64
# sigma_list[32] = 0.66
# sigma_list[33] = 0.68
# sigma_list[34] = 0.7
# sigma_list[35] = 0.72
# sigma_list[36] = 0.74
# sigma_list[37] = 0.76
# sigma_list[38] = 0.78
# sigma_list[39] = 0.8
# sigma_list[40] = 0.82
# sigma_list[41] = 0.84
# sigma_list[42] = 0.86
# sigma_list[43] = 0.88
# sigma_list[44] = 0.9
# sigma_list[45] = 0.92
# sigma_list[46] = 0.94
# sigma_list[47] = 0.96
# sigma_list[48] = 0.98
# sigma_list[49] = 1
# mu_list[0] = -0.2
# mu_list[1] = -0.19
# mu_list[2] = -0.18
# mu_list[3] = -0.17
# mu_list[4] = -0.16
# mu_list[5] = -0.15
# mu_list[6] = -0.14
# mu_list[7] = -0.13
# mu_list[8] = -0.12
# mu_list[9] = -0.11
# mu_list[10] = -0.1
# mu_list[11] = -0.09
# mu_list[12] = -0.08
# mu_list[13] = -0.07
# mu_list[14] = -0.06
# mu_list[15] = -0.05
# mu_list[16] = -0.04
# mu_list[17] = -0.03
# mu_list[18] = -0.02
# mu_list[19] = -0.01
# mu_list[20] = 0
# mu_list[21] = 0.01
# mu_list[22] = 0.02
# mu_list[23] = 0.03
# mu_list[24] = 0.04
# mu_list[25] = 0.05
# mu_list[26] = 0.06
# mu_list[27] = 0.07
# mu_list[28] = 0.08
# mu_list[29] = 0.09
# mu_list[30] = 0.1
# mu_list[31] = 0.11
# mu_list[32] = 0.12
# mu_list[33] = 0.13
# mu_list[34] = 0.14
# mu_list[35] = 0.15
# mu_list[36] = 0.16
# mu_list[37] = 0.17
# mu_list[38] = 0.18
# mu_list[39] = 0.19
# mu_list[40] = 0.2
# Free energy: 1588.76
# sigma mu posterior_distribution
0.02	-0.2	0
0.02	-0.19	0
0.02	-0.18	0
0.02	-0.17	0
0.02	-0.16	0
0.02	-0.15	0
0.02	-0.14	0
0.02	-0.13	0
0.02	-0.12	0
0.02	-0.11	0
0.02	-0.1	0
0.02	-0.09	0
0.02	-0.08	0
0.02	-0.07	0
0.02	-0.06	0
0.02	-0.05	0
0.02	-0.04	0
0.02	-0.03	0
0.02	-0.02	0
0.02	-0.01	0
0.02	0	0
0.02	0.01	0
0.02	0.02	0
0.02	0.03	0
0.02	0.04	0
0.02	0.05	0
0.02	0.06	0
0.02	0.07	0
0.02	0.08	0
0.02	0.09	0
0.02	0.1	0
0.02	0.11	0
0.02	0.12	0
0.02	0.13	0
0.02	0.14	0
0.02	0.15	0
0.02	0.16	0
0.02	0.17	0
0.02	0.18	0
0.02	0.19	0
0.02	0.2	0

0.04	-0.2	0
0.04	-0.19	0
0.04	-0.18	0
0.04	-0.17	0
0.04	-0.16	0
0.04	-0.15	0
0.04	-0.14	0
0.04	-0.13	0
0.04	-0.12	0
0.04	-0.11	0
0.04	-0.1	0
0.04	-0.09	0
0.04	-0.08	0
0.04	-0.07	0
0.04	-0.06	0
0.04	-0.05	0
0.04	-0.04	0
0.04	-0.03	0
0.04	-0.02	0
0.04	-0.01	0
0.04	0	0
0.04	0.01	0
0.04	0.02	0
0.04	0.03	0
0.04	0.04	0
0.04	0.05	0
0.04	0.06	0
0.04	0.07	0
0.04	0.08	0
0.04	0.09	0
0.04	0.1	0
0.04	0.11	0
0.04	0.12	0
0.04	0.13	0
0.04	0.14	0
0.04	0.15	0
0.04	0.16	0
0.04	0.17	0
0.04	0.18	0
0.04	0.19	0
0.04	0.2	0

0.06	-0.2	0
0.06	-0.19	0
0.06	-0.18	0
0.06	-0.17	0
0.06	-0.16	0
0.06	-0.15	0
0.06	-0.14	0
0.06	-0.13	0
0.06	-0.12	0
0.06	-0.11	0
0.06	-0.1	0
0.06	-0.09	0
0.06	-0.08	0
0.06	-0.07	0
0.06	-0.06	0
0.06	-0.05	0
0.06	-0.04	0
0.06	-0.03	0
0.06	-0.02	0
0.06	-0.01	0
0.06	0	0
0.06	0.01	0
0.06	0.02	0
0.06	0.03	0
0.06	0.04	0
0.06	0.05	0
0.06	0.06	0
0.06	0.07	0
0.06	0.08	0
0.06	0.09	0
0.06	0.1	0
0.06	0.11	0
0.06	0.12	0
0.06	0.13	0
0.06	0.14	0
0.06	0.15	0
0.06	0.16	0
0.06	0.17	0
0.06	0.18	0
0.06	0.19	0
0.06	0.2	0

0.08	-0.2	0
0.08	-0.19	0
0.08	-0.18	0
0.08	-0.17	0
0.08	-0.16	0
0.08	-0.15	0
0.08	-0.14	0
0.08	-0.13	0
0.08	-0.12	0
0.08	-0.11	0
0.08	-0.1	0
0.08	-0.09	0
0.08	-0.08	0
0.08	-0.07	0
0.08	-0.06	0
0.08	-0.05	0
0.08	-0.04	0
0.08	-0.03	0
0.08	-0.02	0
0.08	-0.01	0
0.08	0	0
0.08	0.01	0
0.08	0.02	0
0.08	0.03	0
0.08	0.04	0
0.08	0.05	0
0.08	0.06	0
0.08	0.07	0
0.08	0.08	0
0.08	0.09	0
0.08	0.1	0
0.08	0.11	0
0.08	0.12	0
0.08	0.13	0
0.08	0.14	0
0.08	0.15	0
0.08	0.16	0
0.08	0.17	0
0.08	0.18	0
0.08	0.19	0
0.08	0.2	0

0.1	-0.2	0
0.1	-0.19	0
0.1	-0.18	0
0.1	-0.17	0
0.1	-0.16	0
0.1	-0.15	0
0.1	-0.14	0
0.1	-0.13	0
0.1	-0.12	0
0.1	-0.11	0
0.1	-0.1	0
0.1	-0.09	0
0.1	-0.08	0
0.1	-0.07	0
0.1	-0.06	0
0.1	-0.05	0
0.1	-0.04	0
0.1	-0.03	0
0.1	-0.02	0
0.1	-0.01	0
0.1	0	0
0.1	0.01	0
0.1	0.02	0
0.1	0.03	0
0.1	0.04	0
0.1	0.05	0
0.1	0.06	0
0.1	0.07	0
0.1	0.08	0
0.1	0.09	0
0.1	0.1	0
0.1	0.11	0
0.1	0.12	0
0.1	0.13	0
0.1	0.14	0
0.1	0.15	0
0.1	0.16	0
0.1	0.17	0
0.1	0.18	0
0.1	0.19	0
0.1	0.2	0

0.12	-0.2	8.9481e-297
0.12	-0.19	5.55403e-295
0.12	-0.18	2.73304e-293
0.12	-0.17	1.076e-291
0.12	-0.16	3.43127e-290
0.12	-0.15	8.96097e-289
0.12	-0.14	1.92775e-287
0.12	-0.13	3.41237e-286
0.12	-0.12	4.93338e-285
0.12	-0.11	5.76129e-284
0.12	-0.1	5.37494e-283
0.12	-0.09	3.9733e-282
0.12	-0.08	2.31744e-281
0.12	-0.07	1.06477e-280
0.12	-0.06	3.84598e-280
0.12	-0.05	1.08555e-279
0.12	-0.04	2.36468e-279
0.12	-0.03	3.9002e-279
0.12	-0.02	4.75959e-279
0.12	-0.01	4.20232e-279
0.12	0	2.64091e-279
0.12	0.01	1.17427e-279
0.12	0.02	3.71662e-280
0.12	0.03	8.51224e-281
0.12	0.04	1.44322e-281
0.12	0.05	1.85491e-282
0.12	0.06	1.84402e-283
0.12	0.07	1.43814e-284
0.12	0.08	8.87315e-286
0.12	0.09	4.3542e-287
0.12	0.1	1.70957e-288
0.12	0.11	5.42378e-290
0.12	0.12	1.41176e-291
0.12	0.13	3.07438e-293
0.12	0.14	5.7195e-295
0.12	0.15	9.25838e-297
0.12	0.16	1.32053e-298
0.12	0.17	1.66834e-300
0.12	0.18	1.86449e-302
0.12	0.19	1.83325e-304
0.12	0.2	1.5761e-306

0.14	-0.2	2.16132e-250
0.14	-0.19	1.15893e-248
0.14	-0.18	5.03414e-247
0.14	-0.17	1.77394e-245
0.14	-0.16	5.08422e-244
0.14	-0.15	1.18796e-242
0.14	-0.14	2.26492e-241
0.14	-0.13	3.51887e-240
0.14	-0.12	4.43972e-239
0.14	-0.11	4.52633e-238
0.14	-0.1	3.70806e-237
0.14	-0.09	2.4277e-236
0.14	-0.08	1.26394e-235
0.14	-0.07	5.20763e-235
0.14	-0.06	1.68884e-234
0.14	-0.05	4.2819e-234
0.14	-0.04	8.4153e-234
0.14	-0.03	1.26917e-233
0.14	-0.02	1.45354e-233
0.14	-0.01	1.25241e-233
0.14	0	8.06726e-234
0.14	0.01	3.87694e-234
0.14	0.02	1.39405e-234
0.14	0.03	3.77793e-235
0.14	0.04	7.79714e-236
0.14	0.05	1.24014e-236
0.14	0.06	1.53802e-237
0.14	0.07	1.50331e-238
0.14	0.08	1.16903e-239
0.14	0.09	7.29566e-241
0.14	0.1	3.68624e-242
0.14	0.11	1.52262e-243
0.14	0.12	5.19769e-245
0.14	0.13	1.48361e-246
0.14	0.14	3.58219e-248
0.14	0.15	7.39229e-250
0.14	0.16	1.31428e-251
0.14	0.17	2.02359e-253
0.14	0.18	2.70492e-255
0.14	0.19	3.14018e-257
0.14	0.2	3.16365e-259

0.16	-0.2	1.34696e-212
0.16	-0.19	6.25678e-211
0.16	-0.18	2.38064e-209
0.16	-0.17	7.41183e-208
0.16	-0.16	1.88705e-206
0.16	-0.15	3.92647e-205
0.16	-0.14	6.66988e-204
0.16	-0.13	9.2331e-203
0.16	-0.12	1.03886e-201
0.16	-0.11	9.46895e-201
0.16	-0.1	6.96523e-200
0.16	-0.09	4.11793e-199
0.16	-0.08	1.94838e-198
0.16	-0.07	7.34473e-198
0.16	-0.06	2.19532e-197
0.16	-0.05	5.17585e-197
0.16	-0.04	9.57214e-197
0.16	-0.03	1.38076e-196
0.16	-0.02	1.54531e-196
0.16	-0.01	1.3361e-196
0.16	0	8.90125e-197
0.16	0.01	4.56699e-197
0.16	0.02	1.80789e-197
0.16	0.03	5.54394e-198
0.16	0.04	1.3246e-198
0.16	0.05	2.48315e-199
0.16	0.06	3.68021e-200
0.16	0.07	4.3459e-201
0.16	0.08	4.12098e-202
0.16	0.09	3.16228e-203
0.16	0.1	1.97915e-204
0.16	0.11	1.01838e-205
0.16	0.12	4.34347e-207
0.16	0.13	1.54806e-208
0.16	0.14	4.64655e-210
0.16	0.15	1.18273e-211
0.16	0.16	2.56796e-213
0.16	0.17	4.7773e-215
0.16	0.18	7.63871e-217
0.16	0.19	1.05179e-218
0.16	0.2	1.24828e-220

0.18	-0.2	2.68328e-181
0.18	-0.19	1.08763e-179
0.18	-0.18	3.63783e-178
0.18	-0.17	1.00221e-176
0.18	-0.16	2.27048e-175
0.18	-0.15	4.22293e-174
0.18	-0.14	6.43692e-173
0.18	-0.13	8.02464e-172
0.18	-0.12	8.16252e-171
0.18	-0.11	6.75616e-170
0.18	-0.1	4.53686e-169
0.18	-0.09	2.46374e-168
0.18	-0.08	1.07832e-167
0.18	-0.07	3.79039e-167
0.18	-0.06	1.06618e-166
0.18	-0.05	2.39113e-166
0.18	-0.04	4.26025e-166
0.18	-0.03	6.01005e-166
0.18	-0.02	6.69408e-166
0.18	-0.01	5.8744e-166
0.18	0	4.05723e-166
0.18	0.01	2.20569e-166
0.18	0.02	9.45211e-167
0.18	0.03	3.20142e-167
0.18	0.04	8.60249e-168
0.18	0.05	1.84245e-168
0.18	0.06	3.16194e-169
0.18	0.07	4.37307e-170
0.18	0.08	4.90338e-171
0.18	0.09	4.48492e-172
0.18	0.1	3.36732e-173
0.18	0.11	2.08844e-174
0.18	0.12	1.07666e-175
0.18	0.13	4.64195e-177
0.18	0.14	1.68335e-178
0.18	0.15	5.16145e-180
0.18	0.16	1.34424e-181
0.18	0.17	2.985e-183
0.18	0.18	5.66868e-185
0.18	0.19	9.22705e-187
0.18	0.2	1.28931e-188

0.2	-0.2	4.60595e-155
0.2	-0.19	1.643e-153
0.2	-0.18	4.86506e-152
0.2	-0.17	1.19345e-150
0.2	-0.16	2.42075e-149
0.2	-0.15	4.05234e-148
0.2	-0.14	5.5876e-147
0.2	-0.13	6.33315e-146
0.2	-0.12	5.88766e-145
0.2	-0.11	4.47906e-144
0.2	-0.1	2.78154e-143
0.2	-0.09	1.40646e-142
0.2	-0.08	5.7753e-142
0.2	-0.07	1.92076e-141
0.2	-0.06	5.1604e-141
0.2	-0.05	1.11714e-140
0.2	-0.04	1.94417e-140
0.2	-0.03	2.71443e-140
0.2	-0.02	3.0356e-140
0.2	-0.01	2.71633e-140
0.2	0	1.94418e-140
0.2	0.01	1.11348e-140
0.2	0.02	5.10913e-141
0.2	0.03	1.88192e-141
0.2	0.04	5.57997e-142
0.2	0.05	1.33629e-142
0.2	0.06	2.59474e-143
0.2	0.07	4.10273e-144
0.2	0.08	5.30672e-145
0.2	0.09	5.64196e-146
0.2	0.1	4.95457e-147
0.2	0.11	3.61155e-148
0.2	0.12	2.19586e-149
0.2	0.13	1.1189e-150
0.2	0.14	4.79954e-152
0.2	0.15	1.74032e-153
0.2	0.16	5.35427e-155
0.2	0.17	1.40227e-156
0.2	0.18	3.13491e-158
0.2	0.19	5.99601e-160
0.2	0.2	9.82923e-162

0.22	-0.2	7.12932e-133
0.22	-0.19	2.25714e-131
0.22	-0.18	5.96396e-130
0.22	-0.17	1.31258e-128
0.22	-0.16	2.40165e-127
0.22	-0.15	3.64638e-126
0.22	-0.14	4.58527e-125
0.22	-0.13	4.76635e-124
0.22	-0.12	4.08768e-123
0.22	-0.11	2.88649e-122
0.22	-0.1	1.67487e-121
0.22	-0.09	7.96935e-121
0.22	-0.08	3.10319e-120
0.22	-0.07	9.86907e-120
0.22	-0.06	2.55858e-119
0.22	-0.05	5.39784e-119
0.22	-0.04	9.25269e-119
0.22	-0.03	1.28705e-118
0.22	-0.02	1.45147e-118
0.22	-0.01	1.32647e-118
0.22	0	9.8233e-119
0.22	0.01	5.89816e-119
0.22	0.02	2.87433e-119
0.22	0.03	1.13871e-119
0.22	0.04	3.67501e-120
0.22	0.05	9.68703e-121
0.22	0.06	2.09167e-121
0.22	0.07	3.7119e-122
0.22	0.08	5.43295e-123
0.22	0.09	6.58308e-124
0.22	0.1	6.6289e-125
0.22	0.11	5.56874e-126
0.22	0.12	3.91786e-127
0.22	0.13	2.31714e-128
0.22	0.14	1.1562e-129
0.22	0.15	4.88388e-131
0.22	0.16	1.75191e-132
0.22	0.17	5.35183e-134
0.22	0.18	1.39583e-135
0.22	0.19	3.11498e-137
0.22	0.2	5.95911e-139

0.24	-0.2	5.61494e-114
0.24	-0.19	1.59055e-112
0.24	-0.18	3.77941e-111
0.24	-0.17	7.51944e-110
0.24	-0.16	1.25042e-108
0.24	-0.15	1.73488e-107
0.24	-0.14	2.00482e-106
0.24	-0.13	1.92627e-105
0.24	-0.12	1.53622e-104
0.24	-0.11	1.01517e-103
0.24	-0.1	5.54934e-103
0.24	-0.09	2.50522e-102
0.24	-0.08	9.32526e-102
0.24	-0.07	2.8578e-101
0.24	-0.06	7.2004e-101
0.24	-0.05	1.4897e-100
0.24	-0.04	2.52821e-100
0.24	-0.03	3.51686e-100
0.24	-0.02	4.00777e-100
0.24	-0.01	3.74092e-100
0.24	0	2.8606e-100
0.24	0.01	1.793e-100
0.24	0.02	9.22045e-101
0.24	0.03	3.89539e-101
0.24	0.04	1.35428e-101
0.24	0.05	3.88245e-102
0.24	0.06	9.19931e-103
0.24	0.07	1.80625e-103
0.24	0.08	2.94704e-104
0.24	0.09	4.00737e-105
0.24	0.1	4.55536e-106
0.24	0.11	4.34234e-107
0.24	0.12	3.48188e-108
0.24	0.13	2.35571e-109
0.24	0.14	1.34878e-110
0.24	0.15	6.55396e-112
0.24	0.16	2.71006e-113
0.24	0.17	9.55988e-115
0.24	0.18	2.8835e-116
0.24	0.19	7.45226e-118
0.24	0.2	1.65338e-119

0.26	-0.2	8.34234e-98
0.26	-0.19	2.13016e-96
0.26	-0.18	4.5851e-95
0.26	-0.17	8.30563e-94
0.26	-0.16	1.26409e-92
0.26	-0.15	1.61389e-91
0.26	-0.14	1.72577e-90
0.26	-0.13	1.54325e-89
0.26	-0.12	1.15236e-88
0.26	-0.11	7.17472e-88
0.26	-0.1	3.71947e-87
0.26	-0.09	1.60337e-86
0.26	-0.08	5.74009e-86
0.26	-0.07	1.70464e-85
0.26	-0.06	4.19494e-85
0.26	-0.05	8.54709e-85
0.26	-0.04	1.4408e-84
0.26	-0.03	2.00848e-84
0.26	-0.02	2.31467e-84
0.26	-0.01	2.2053e-84
0.26	0	1.73746e-84
0.26	0.01	1.13257e-84
0.26	0.02	6.11334e-85
0.26	0.03	2.73554e-85
0.26	0.04	1.01616e-85
0.26	0.05	3.13869e-86
0.26	0.06	8.07642e-87
0.26	0.07	1.73491e-87
0.26	0.08	3.11815e-88
0.26	0.09	4.70015e-89
0.26	0.1	5.95658e-90
0.26	0.11	6.36284e-91
0.26	0.12	5.74361e-92
0.26	0.13	4.39241e-93
0.26	0.14	2.85293e-94
0.26	0.15	1.57763e-95
0.26	0.16	7.44489e-97
0.26	0.17	3.00482e-98
0.26	0.18	1.03943e-99
0.26	0.19	3.08782e-101
0.26	0.2	7.89191e-103

0.28	-0.2	6.45128e-84
0.28	-0.19	1.49499e-82
0.28	-0.18	2.93439e-81
0.28	-0.17	4.87116e-80
0.28	-0.16	6.8288e-79
0.28	-0.15	8.07302e-78
0.28	-0.14	8.0372e-77
0.28	-0.13	6.72928e-76
0.28	-0.12	4.73224e-75
0.28	-0.11	2.79166e-74
0.28	-0.1	1.3799e-73
0.28	-0.09	5.70885e-73
0.28	-0.08	1.97482e-72
0.28	-0.07	5.70681e-72
0.28	-0.06	1.3766e-71
0.28	-0.05	2.77007e-71
0.28	-0.04	4.64764e-71
0.28	-0.03	6.49976e-71
0.28	-0.02	7.57586e-71
0.28	-0.01	7.3599e-71
0.28	0	5.96136e-71
0.28	0.01	4.02787e-71
0.28	0.02	2.27187e-71
0.28	0.03	1.07074e-71
0.28	0.04	4.22166e-72
0.28	0.05	1.39437e-72
0.28	0.06	3.86398e-73
0.28	0.07	8.99911e-74
0.28	0.08	1.76471e-74
0.28	0.09	2.91948e-75
0.28	0.1	4.08306e-76
0.28	0.11	4.83759e-77
0.28	0.12	4.86592e-78
0.28	0.13	4.16416e-79
0.28	0.14	3.03841e-80
0.28	0.15	1.89426e-81
0.28	0.16	1.01111e-82
0.28	0.17	4.63011e-84
0.28	0.18	1.82245e-85
0.28	0.19	6.1773e-87
0.28	0.2	1.8063e-88

0.3	-0.2	5.78573e-72
0.3	-0.19	1.22429e-70
0.3	-0.18	2.20453e-69
0.3	-0.17	3.37338e-68
0.3	-0.16	4.3809e-67
0.3	-0.15	4.82236e-66
0.3	-0.14	4.49389e-65
0.3	-0.13	3.54116e-64
0.3	-0.12	2.3569e-63
0.3	-0.11	1.3236e-62
0.3	-0.1	6.26558e-62
0.3	-0.09	2.49785e-61
0.3	-0.08	8.37945e-61
0.3	-0.07	2.36375e-60
0.3	-0.06	5.60355e-60
0.3	-0.05	1.11582e-59
0.3	-0.04	1.86572e-59
0.3	-0.03	2.619e-59
0.3	-0.02	3.08638e-59
0.3	-0.01	3.05382e-59
0.3	0	2.53775e-59
0.3	0.01	1.77205e-59
0.3	0.02	1.04042e-59
0.3	0.03	5.14053e-60
0.3	0.04	2.13947e-60
0.3	0.05	7.50935e-61
0.3	0.06	2.22568e-61
0.3	0.07	5.57841e-62
0.3	0.08	1.18417e-62
0.3	0.09	2.13252e-63
0.3	0.1	3.26355e-64
0.3	0.11	4.25191e-65
0.3	0.12	4.72461e-66
0.3	0.13	4.48582e-67
0.3	0.14	3.64602e-68
0.3	0.15	2.54156e-69
0.3	0.16	1.52225e-70
0.3	0.17	7.84803e-72
0.3	0.18	3.48893e-73
0.3	0.19	1.33979e-74
0.3	0.2	4.45174e-76

0.32	-0.2	1.1444e-61
0.32	-0.19	2.22354e-60
0.32	-0.18	3.69294e-59
0.32	-0.17	5.23641e-58
0.32	-0.16	6.33173e-57
0.32	-0.15	6.52152e-56
0.32	-0.14	5.71539e-55
0.32	-0.13	4.25764e-54
0.32	-0.12	2.69338e-53
0.32	-0.11	1.44558e-52
0.32	-0.1	6.57724e-52
0.32	-0.09	2.53497e-51
0.32	-0.08	8.27065e-51
0.32	-0.07	2.28296e-50
0.32	-0.06	5.32897e-50
0.32	-0.05	1.05152e-49
0.32	-0.04	1.75357e-49
0.32	-0.03	2.47117e-49
0.32	-0.02	2.94286e-49
0.32	-0.01	2.96204e-49
0.32	0	2.52056e-49
0.32	0.01	1.81418e-49
0.32	0.02	1.10508e-49
0.32	0.03	5.70105e-50
0.32	0.04	2.49308e-50
0.32	0.05	9.25055e-51
0.32	0.06	2.91563e-51
0.32	0.07	7.81559e-52
0.32	0.08	1.78413e-52
0.32	0.09	3.47328e-53
0.32	0.1	5.77486e-54
0.32	0.11	8.21296e-55
0.32	0.12	1.00069e-55
0.32	0.13	1.04628e-56
0.32	0.14	9.40272e-58
0.32	0.15	7.27496e-59
0.32	0.16	4.85397e-60
0.32	0.17	2.79748e-61
0.32	0.18	1.39493e-62
0.32	0.19	6.02773e-64
0.32	0.2	2.26084e-65

0.34	-0.2	8.42236e-53
0.34	-0.19	1.5101e-51
0.34	-0.18	2.32452e-50
0.34	-0.17	3.06861e-49
0.34	-0.16	3.47039e-48
0.34	-0.15	3.359e-47
0.34	-0.14	2.77986e-46
0.34	-0.13	1.96529e-45
0.34	-0.12	1.18593e-44
0.34	-0.11	6.10354e-44
0.34	-0.1	2.67725e-43
0.34	-0.09	1.00024e-42
0.34	-0.08	3.1812e-42
0.34	-0.07	8.6088e-42
0.34	-0.06	1.98153e-41
0.34	-0.05	3.87833e-41
0.34	-0.04	6.45357e-41
0.34	-0.03	9.12938e-41
0.34	-0.02	1.09797e-40
0.34	-0.01	1.12285e-40
0.34	0	9.76692e-41
0.34	0.01	7.22898e-41
0.34	0.02	4.5552e-41
0.34	0.03	2.44527e-41
0.34	0.04	1.11909e-41
0.34	0.05	4.37012e-42
0.34	0.06	1.45758e-42
0.34	0.07	4.15664e-43
0.34	0.08	1.01466e-43
0.34	0.09	2.12271e-44
0.34	0.1	3.8108e-45
0.34	0.11	5.87867e-46
0.34	0.12	7.80341e-47
0.34	0.13	8.92589e-48
0.34	0.14	8.81076e-49
0.34	0.15	7.51646e-50
0.34	0.16	5.55008e-51
0.34	0.17	3.55243e-52
0.34	0.18	1.97399e-53
0.34	0.19	9.5371e-55
0.34	0.2	4.01231e-56

0.36	-0.2	3.54808e-45
0.36	-0.19	5.89694e-44
0.36	-0.18	8.4497e-43
0.36	-0.17	1.04283e-41
0.36	-0.16	1.10749e-40
0.36	-0.15	1.01118e-39
0.36	-0.14	7.93083e-39
0.36	-0.13	5.33907e-38
0.36	-0.12	3.08284e-37
0.36	-0.11	1.52575e-36
0.36	-0.1	6.46846e-36
0.36	-0.09	2.34784e-35
0.36	-0.08	7.29263e-35
0.36	-0.07	1.93769e-34
0.36	-0.06	4.40285e-34
0.36	-0.05	8.55352e-34
0.36	-0.04	1.42057e-33
0.36	-0.03	2.01686e-33
0.36	-0.02	2.44803e-33
0.36	-0.01	2.54072e-33
0.36	0	2.25537e-33
0.36	0.01	1.71301e-33
0.36	0.02	1.11375e-33
0.36	0.03	6.20232e-34
0.36	0.04	2.96036e-34
0.36	0.05	1.21197e-34
0.36	0.06	4.25953e-35
0.36	0.07	1.28635e-35
0.36	0.08	3.34133e-36
0.36	0.09	7.47324e-37
0.36	0.1	1.44085e-37
0.36	0.11	2.39754e-38
0.36	0.12	3.44735e-39
0.36	0.13	4.28878e-40
0.36	0.14	4.62252e-41
0.36	0.15	4.32216e-42
0.36	0.16	3.51068e-43
0.36	0.17	2.48056e-44
0.36	0.18	1.5268e-45
0.36	0.19	8.19778e-47
0.36	0.2	3.84513e-48

0.38	-0.2	1.22462e-38
0.38	-0.19	1.89434e-37
0.38	-0.18	2.53665e-36
0.38	-0.17	2.93781e-35
0.38	-0.16	2.94025e-34
0.38	-0.15	2.54096e-33
0.38	-0.14	1.89469e-32
0.38	-0.13	1.21816e-31
0.38	-0.12	6.7486e-31
0.38	-0.11	3.21969e-30
0.38	-0.1	1.32214e-29
0.38	-0.09	4.67092e-29
0.38	-0.08	1.41912e-28
0.38	-0.07	3.70673e-28
0.38	-0.06	8.32162e-28
0.38	-0.05	1.60546e-27
0.38	-0.04	2.6615e-27
0.38	-0.03	3.79131e-27
0.38	-0.02	4.64113e-27
0.38	-0.01	4.88318e-27
0.38	0	4.4171e-27
0.38	0.01	3.43619e-27
0.38	0.02	2.2999e-27
0.38	0.03	1.32512e-27
0.38	0.04	6.57622e-28
0.38	0.05	2.81297e-28
0.38	0.06	1.03789e-28
0.38	0.07	3.30588e-29
0.38	0.08	9.09837e-30
0.38	0.09	2.16568e-30
0.38	0.1	4.46292e-31
0.38	0.11	7.97073e-32
0.38	0.12	1.23513e-32
0.38	0.13	1.6625e-33
0.38	0.14	1.94609e-34
0.38	0.15	1.98354e-35
0.38	0.16	1.76253e-36
0.38	0.17	1.36711e-37
0.38	0.18	9.26834e-39
0.38	0.19	5.49919e-40
0.38	0.2	2.85937e-41

0.4	-0.2	4.68125e-33
0.4	-0.19	6.76457e-32
0.4	-0.18	8.49492e-31
0.4	-0.17	9.26347e-30
0.4	-0.16	8.76506e-29
0.4	-0.15	7.19107e-28
0.4	-0.14	5.1121e-27
0.4	-0.13	3.14705e-26
0.4	-0.12	1.67671e-25
0.4	-0.11	7.72753e-25
0.4	-0.1	3.0793e-24
0.4	-0.09	1.06052e-23
0.4	-0.08	3.15571e-23
0.4	-0.07	8.11088e-23
0.4	-0.06	1.80029e-22
0.4	-0.05	3.45037e-22
0.4	-0.04	5.70964e-22
0.4	-0.03	8.15791e-22
0.4	-0.02	1.0065e-21
0.4	-0.01	1.07247e-21
0.4	0	9.87184e-22
0.4	0.01	7.85215e-22
0.4	0.02	5.39918e-22
0.4	0.03	3.21082e-22
0.4	0.04	1.6523e-22
0.4	0.05	7.36225e-23
0.4	0.06	2.84232e-23
0.4	0.07	9.51474e-24
0.4	0.08	2.76395e-24
0.4	0.09	6.9734e-25
0.4	0.1	1.52945e-25
0.4	0.11	2.91888e-26
0.4	0.12	4.85205e-27
0.4	0.13	7.03256e-28
0.4	0.14	8.89713e-29
0.4	0.15	9.836e-30
0.4	0.16	9.51296e-31
0.4	0.17	8.05841e-32
0.4	0.18	5.98602e-33
0.4	0.19	3.90402e-34
0.4	0.2	2.23825e-35

0.42	-0.2	2.55884e-28
0.42	-0.19	3.4657e-27
0.42	-0.18	4.09459e-26
0.42	-0.17	4.21687e-25
0.42	-0.16	3.78297e-24
0.42	-0.15	2.95433e-23
0.42	-0.14	2.00728e-22
0.42	-0.13	1.18588e-21
0.42	-0.12	6.08888e-21
0.42	-0.11	2.71581e-20
0.42	-0.1	1.05185e-19
0.42	-0.09	3.53629e-19
0.42	-0.08	1.03171e-18
0.42	-0.07	2.61145e-18
0.42	-0.06	5.73385e-18
0.42	-0.05	1.09196e-17
0.42	-0.04	1.80361e-17
0.42	-0.03	2.58385e-17
0.42	-0.02	3.21084e-17
0.42	-0.01	3.46151e-17
0.42	0	3.23821e-17
0.42	0.01	2.62945e-17
0.42	0.02	1.85396e-17
0.42	0.03	1.13552e-17
0.42	0.04	6.04455e-18
0.42	0.05	2.79797e-18
0.42	0.06	1.12693e-18
0.42	0.07	3.95199e-19
0.42	0.08	1.20758e-19
0.42	0.09	3.2176e-20
0.42	0.1	7.48206e-21
0.42	0.11	1.51971e-21
0.42	0.12	2.69867e-22
0.42	0.13	4.19371e-23
0.42	0.14	5.70869e-24
0.42	0.15	6.81409e-25
0.42	0.16	7.13954e-26
0.42	0.17	6.57344e-27
0.42	0.18	5.32423e-28
0.42	0.19	3.798e-29
0.42	0.2	2.38885e-30

0.44	-0.2	2.48787e-24
0.44	-0.19	3.16784e-23
0.44	-0.18	3.53134e-22
0.44	-0.17	3.44408e-21
0.44	-0.16	2.93693e-20
0.44	-0.15	2.18852e-19
0.44	-0.14	1.42432e-18
0.44	-0.13	8.09184e-18
0.44	-0.12	4.01123e-17
0.44	-0.11	1.73428e-16
0.44	-0.1	6.53763e-16
0.44	-0.09	2.14806e-15
0.44	-0.08	6.15021e-15
0.44	-0.07	1.53413e-14
0.44	-0.06	3.33352e-14
0.44	-0.05	6.30919e-14
0.44	-0.04	1.04007e-13
0.44	-0.03	1.49343e-13
0.44	-0.02	1.86801e-13
0.44	-0.01	2.03568e-13
0.44	0	1.93316e-13
0.44	0.01	1.6002e-13
0.44	0.02	1.15496e-13
0.44	0.03	7.27145e-14
0.44	0.04	3.99508e-14
0.44	0.05	1.91646e-14
0.44	0.06	8.03125e-15
0.44	0.07	2.94199e-15
0.44	0.08	9.4267e-16
0.44	0.09	2.64389e-16
0.44	0.1	6.49561e-17
0.44	0.11	1.39905e-17
0.44	0.12	2.6439e-18
0.44	0.13	4.38768e-19
0.44	0.14	6.40027e-20
0.44	0.15	8.21375e-21
0.44	0.16	9.28301e-22
0.44	0.17	9.24856e-23
0.44	0.18	8.13102e-24
0.44	0.19	6.31478e-25
0.44	0.2	4.33694e-26

0.46	-0.2	5.19084e-21
0.46	-0.19	6.23108e-20
0.46	-0.18	6.57112e-19
0.46	-0.17	6.08422e-18
0.46	-0.16	4.94327e-17
0.46	-0.15	3.5224e-16
0.46	-0.14	2.20022e-15
0.46	-0.13	1.20421e-14
0.46	-0.12	5.77259e-14
0.46	-0.11	2.42277e-13
0.46	-0.1	8.90004e-13
0.46	-0.09	2.86082e-12
0.46	-0.08	8.04475e-12
0.46	-0.07	1.97871e-11
0.46	-0.06	4.25645e-11
0.46	-0.05	8.00716e-11
0.46	-0.04	1.31724e-10
0.46	-0.03	1.89508e-10
0.46	-0.02	2.38452e-10
0.46	-0.01	2.62451e-10
0.46	0	2.5273e-10
0.46	0.01	2.12978e-10
0.46	0.02	1.57114e-10
0.46	0.03	1.01496e-10
0.46	0.04	5.74406e-11
0.46	0.05	2.84919e-11
0.46	0.06	1.23931e-11
0.46	0.07	4.72968e-12
0.46	0.08	1.58468e-12
0.46	0.09	4.66431e-13
0.46	0.1	1.20689e-13
0.46	0.11	2.74729e-14
0.46	0.12	5.50584e-15
0.46	0.13	9.72247e-16
0.46	0.14	1.514e-16
0.46	0.15	2.08091e-17
0.46	0.16	2.52664e-18
0.46	0.17	2.71271e-19
0.46	0.18	2.57779e-20
0.46	0.19	2.17021e-21
0.46	0.2	1.62033e-22

0.48	-0.2	2.73414e-18
0.48	-0.19	3.10198e-17
0.48	-0.18	3.10211e-16
0.48	-0.17	2.73298e-15
0.48	-0.16	2.12008e-14
0.48	-0.15	1.44743e-13
0.48	-0.14	8.69311e-13
0.48	-0.13	4.59105e-12
0.48	-0.12	2.13132e-11
0.48	-0.11	8.69447e-11
0.48	-0.1	3.11581e-10
0.48	-0.09	9.80681e-10
0.48	-0.08	2.71037e-09
0.48	-0.07	6.57671e-09
0.48	-0.06	1.40095e-08
0.48	-0.05	2.61964e-08
0.48	-0.04	4.29998e-08
0.48	-0.03	6.19601e-08
0.48	-0.02	7.83819e-08
0.48	-0.01	8.70638e-08
0.48	0	8.49294e-08
0.48	0.01	7.27743e-08
0.48	0.02	5.47924e-08
0.48	0.03	3.626e-08
0.48	0.04	2.10991e-08
0.48	0.05	1.07997e-08
0.48	0.06	4.86493e-09
0.48	0.07	1.92964e-09
0.48	0.08	6.74302e-10
0.48	0.09	2.07714e-10
0.48	0.1	5.64402e-11
0.48	0.11	1.35367e-11
0.48	0.12	2.86776e-12
0.48	0.13	5.37035e-13
0.48	0.14	8.89671e-14
0.48	0.15	1.30488e-14
0.48	0.16	1.69587e-15
0.48	0.17	1.95463e-16
0.48	0.18	1.99975e-17
0.48	0.19	1.81771e-18
0.48	0.2	1.46932e-19

0.5	-0.2	4.18772e-16
0.5	-0.19	4.50091e-15
0.5	-0.18	4.27776e-14
0.5	-0.17	3.59341e-13
0.5	-0.16	2.66665e-12
0.5	-0.15	1.74744e-11
0.5	-0.14	1.01074e-10
0.5	-0.13	5.15842e-10
0.5	-0.12	2.32215e-09
0.5	-0.11	9.21785e-09
0.5	-0.1	3.22571e-08
0.5	-0.09	9.94909e-08
0.5	-0.08	2.70413e-07
0.5	-0.07	6.47588e-07
0.5	-0.06	1.36634e-06
0.5	-0.05	2.53972e-06
0.5	-0.04	4.15892e-06
0.5	-0.03	6.00009e-06
0.5	-0.02	7.62703e-06
0.5	-0.01	8.54338e-06
0.5	0	8.43443e-06
0.5	0.01	7.34055e-06
0.5	0.02	5.63328e-06
0.5	0.03	3.81317e-06
0.5	0.04	2.27748e-06
0.5	0.05	1.20071e-06
0.5	0.06	5.5901e-07
0.5	0.07	2.29935e-07
0.5	0.08	8.36024e-08
0.5	0.09	2.68841e-08
0.5	0.1	7.65052e-09
0.5	0.11	1.92785e-09
0.5	0.12	4.30454e-10
0.5	0.13	8.52216e-11
0.5	0.14	1.49711e-11
0.5	0.15	2.33539e-12
0.5	0.16	3.2375e-13
0.5	0.17	3.99162e-14
0.5	0.18	4.38065e-15
0.5	0.19	4.28301e-16
0.5	0.2	3.73387e-17

0.52	-0.2	2.11068e-14
0.52	-0.19	2.15368e-13
0.52	-0.18	1.94928e-12
0.52	-0.17	1.56423e-11
0.52	-0.16	1.11242e-10
0.52	-0.15	7.00813e-10
0.52	-0.14	3.90968e-09
0.52	-0.13	1.93081e-08
0.52	-0.12	8.43844e-08
0.52	-0.11	3.26283e-07
0.52	-0.1	1.11592e-06
0.52	-0.09	3.37519e-06
0.52	-0.08	9.02645e-06
0.52	-0.07	2.13422e-05
0.52	-0.06	4.46096e-05
0.52	-0.05	8.24272e-05
0.52	-0.04	0.000134637
0.52	-0.03	0.000194414
0.52	-0.02	0.000248195
0.52	-0.01	0.000280168
0.52	0	0.000279687
0.52	0.01	0.000246969
0.52	0.02	0.000192946
0.52	0.03	0.000133405
0.52	0.04	8.16576e-05
0.52	0.05	4.42652e-05
0.52	0.06	2.1259e-05
0.52	0.07	9.0496e-06
0.52	0.08	3.41606e-06
0.52	0.09	1.14407e-06
0.52	0.1	3.40128e-07
0.52	0.11	8.98147e-08
0.52	0.12	2.10781e-08
0.52	0.13	4.39914e-09
0.52	0.14	8.1705e-10
0.52	0.15	1.35137e-10
0.52	0.16	1.99186e-11
0.52	0.17	2.61833e-12
0.52	0.18	3.07192e-13
0.52	0.19	3.21929e-14
0.52	0.2	3.01598e-15

0.54	-0.2	3.9027e-13
0.54	-0.19	3.78811e-12
0.54	-0.18	3.27118e-11
0.54	-0.17	2.51202e-10
0.54	-0.16	1.71476e-09
0.54	-0.15	1.04012e-08
0.54	-0.14	5.6042e-08
0.54	-0.13	2.6814e-07
0.54	-0.12	1.13894e-06
0.54	-0.11	4.2937e-06
0.54	-0.1	1.43634e-05
0.54	-0.09	4.26284e-05
0.54	-0.08	0.000112227
0.54	-0.07	0.000262065
0.54	-0.06	0.000542749
0.54	-0.05	0.000996907
0.54	-0.04	0.00162396
0.54	-0.03	0.0023463
0.54	-0.02	0.00300682
0.54	-0.01	0.00341822
0.54	0	0.00344769
0.54	0.01	0.00308583
0.54	0.02	0.0024515
0.54	0.03	0.00172911
0.54	0.04	0.00108311
0.54	0.05	0.000602738
0.54	0.06	0.000298093
0.54	0.07	0.000131074
0.54	0.08	5.1264e-05
0.54	0.09	1.78421e-05
0.54	0.1	5.52885e-06
0.54	0.11	1.52619e-06
0.54	0.12	3.75505e-07
0.54	0.13	8.23967e-08
0.54	0.14	1.61347e-08
0.54	0.15	2.82131e-09
0.54	0.16	4.40829e-10
0.54	0.17	6.15917e-11
0.54	0.18	7.70052e-12
0.54	0.19	8.62157e-13
0.54	0.2	8.65074e-14

0.56	-0.2	2.91396e-12
0.56	-0.19	2.69549e-11
0.56	-0.18	2.22463e-10
0.56	-0.17	1.63746e-09
0.56	-0.16	1.07451e-08
0.56	-0.15	6.28396e-08
0.56	-0.14	3.27414e-07
0.56	-0.13	1.51943e-06
0.56	-0.12	6.27866e-06
0.56	-0.11	2.30973e-05
0.56	-0.1	7.56274e-05
0.56	-0.09	0.000220369
0.56	-0.08	0.000571369
0.56	-0.07	0.00131807
0.56	-0.06	0.00270512
0.56	-0.05	0.00493912
0.56	-0.04	0.00802288
0.56	-0.03	0.0115943
0.56	-0.02	0.0149082
0.56	-0.01	0.0170577
0.56	0	0.0173697
0.56	0.01	0.0157441
0.56	0.02	0.0127054
0.56	0.03	0.00913079
0.56	0.04	0.00584525
0.56	0.05	0.00333431
0.56	0.06	0.00169538
0.56	0.07	0.000768684
0.56	0.08	0.000310905
0.56	0.09	0.000112227
0.56	0.1	3.61705e-05
0.56	0.11	1.04141e-05
0.56	0.12	2.67991e-06
0.56	0.13	6.16727e-07
0.56	0.14	1.26996e-07
0.56	0.15	2.3414e-08
0.56	0.16	3.86739e-09
0.56	0.17	5.72668e-10
0.56	0.18	7.60715e-11
0.56	0.19	9.07144e-12
0.56	0.2	9.71801e-13

0.58	-0.2	9.56558e-12
0.58	-0.19	8.44704e-11
0.58	-0.18	6.6736e-10
0.58	-0.17	4.71538e-09
0.58	-0.16	2.97867e-08
0.58	-0.15	1.68165e-07
0.58	-0.14	8.48269e-07
0.58	-0.13	3.82205e-06
0.58	-0.12	1.53788e-05
0.58	-0.11	5.52487e-05
0.58	-0.1	0.00017718
0.58	-0.09	0.000507153
0.58	-0.08	0.00129551
0.58	-0.07	0.00295312
0.58	-0.06	0.00600674
0.58	-0.05	0.0109019
0.58	-0.04	0.0176551
0.58	-0.03	0.0255132
0.58	-0.02	0.0329013
0.58	-0.01	0.0378671
0.58	0	0.0389017
0.58	0.01	0.0356784
0.58	0.02	0.0292185
0.58	0.03	0.0213711
0.58	0.04	0.0139644
0.58	0.05	0.00815405
0.58	0.06	0.00425616
0.58	0.07	0.00198659
0.58	0.08	0.00082949
0.58	0.09	0.000309956
0.58	0.1	0.000103697
0.58	0.11	3.10751e-05
0.58	0.12	8.34539e-06
0.58	0.13	2.00953e-06
0.58	0.14	4.34102e-07
0.58	0.15	8.41745e-08
0.58	0.16	1.46594e-08
0.58	0.17	2.29437e-09
0.58	0.18	3.2292e-10
0.58	0.19	4.08972e-11
0.58	0.2	4.66392e-12

0.6	-0.2	1.48904e-11
0.6	-0.19	1.25728e-10
0.6	-0.18	9.52296e-10
0.6	-0.17	6.46809e-09
0.6	-0.16	3.93825e-08
0.6	-0.15	2.14893e-07
0.6	-0.14	1.05055e-06
0.6	-0.13	4.60016e-06
0.6	-0.12	1.80386e-05
0.6	-0.11	6.3331e-05
0.6	-0.1	0.000199042
0.6	-0.09	0.000559921
0.6	-0.08	0.00140966
0.6	-0.07	0.00317597
0.6	-0.06	0.00640303
0.6	-0.05	0.0115514
0.6	-0.04	0.0186478
0.6	-0.03	0.0269387
0.6	-0.02	0.034827
0.6	-0.01	0.0402981
0.6	0	0.0417386
0.6	0.01	0.0387028
0.6	0.02	0.0321351
0.6	0.03	0.0238969
0.6	0.04	0.0159197
0.6	0.05	0.00950336
0.6	0.06	0.00508508
0.6	0.07	0.00243971
0.6	0.08	0.00104991
0.6	0.09	0.000405422
0.6	0.1	0.000140533
0.6	0.11	4.37474e-05
0.6	0.12	1.22357e-05
0.6	0.13	3.0762e-06
0.6	0.14	6.95553e-07
0.6	0.15	1.41516e-07
0.6	0.16	2.59224e-08
0.6	0.17	4.2775e-09
0.6	0.18	6.36215e-10
0.6	0.19	8.53459e-11
0.6	0.2	1.03323e-11

0.62	-0.2	1.17596e-11
0.62	-0.19	9.50819e-11
0.62	-0.18	6.91401e-10
0.62	-0.17	4.52009e-09
0.62	-0.16	2.65592e-08
0.62	-0.15	1.40222e-07
0.62	-0.14	6.65019e-07
0.62	-0.13	2.83251e-06
0.62	-0.12	1.08328e-05
0.62	-0.11	3.71927e-05
0.62	-0.1	0.00011462
0.62	-0.09	0.000317024
0.62	-0.08	0.000786881
0.62	-0.07	0.00175258
0.62	-0.06	0.0035025
0.62	-0.05	0.0062806
0.62	-0.04	0.0101053
0.62	-0.03	0.0145896
0.62	-0.02	0.0189018
0.62	-0.01	0.0219772
0.62	0	0.0229351
0.62	0.01	0.0214859
0.62	0.02	0.0180719
0.62	0.03	0.0136502
0.62	0.04	0.00926099
0.62	0.05	0.00564507
0.62	0.06	0.00309241
0.62	0.07	0.0015229
0.62	0.08	0.000674433
0.62	0.09	0.00026869
0.62	0.1	9.63328e-05
0.62	0.11	3.10945e-05
0.62	0.12	9.03994e-06
0.62	0.13	2.36818e-06
0.62	0.14	5.59286e-07
0.62	0.15	1.19135e-07
0.62	0.16	2.29011e-08
0.62	0.17	3.97478e-09
0.62	0.18	6.23233e-10
0.62	0.19	8.83319e-11
0.62	0.2	1.13232e-11

0.64	-0.2	5.00527e-12
0.64	-0.19	3.8808e-11
0.64	-0.18	2.71278e-10
0.64	-0.17	1.70911e-09
0.64	-0.16	9.70216e-09
0.64	-0.15	4.96127e-08
0.64	-0.14	2.28476e-07
0.64	-0.13	9.47361e-07
0.64	-0.12	3.53619e-06
0.64	-0.11	1.18803e-05
0.64	-0.1	3.59193e-05
0.64	-0.09	9.77203e-05
0.64	-0.08	0.000239198
0.64	-0.07	0.000526765
0.64	-0.06	0.00104362
0.64	-0.05	0.00186006
0.64	-0.04	0.00298245
0.64	-0.03	0.00430226
0.64	-0.02	0.0055837
0.64	-0.01	0.00652059
0.64	0	0.00685234
0.64	0.01	0.00648093
0.64	0.02	0.00551762
0.64	0.03	0.00422927
0.64	0.04	0.00291923
0.64	0.05	0.00181495
0.64	0.06	0.00101664
0.64	0.07	0.00051322
0.64	0.08	0.000233563
0.64	0.09	9.58547e-05
0.64	0.1	3.54885e-05
0.64	0.11	1.18574e-05
0.64	0.12	3.57681e-06
0.64	0.13	9.7451e-07
0.64	0.14	2.39913e-07
0.64	0.15	5.33949e-08
0.64	0.16	1.07481e-08
0.64	0.17	1.95781e-09
0.64	0.18	3.22878e-10
0.64	0.19	4.82357e-11
0.64	0.2	6.53135e-12

0.66	-0.2	1.21225e-12
0.66	-0.19	9.02497e-12
0.66	-0.18	6.072e-11
0.66	-0.17	3.69084e-10
0.66	-0.16	2.02632e-09
0.66	-0.15	1.00456e-08
0.66	-0.14	4.496e-08
0.66	-0.13	1.81625e-07
0.66	-0.12	6.62126e-07
0.66	-0.11	2.17799e-06
0.66	-0.1	6.46341e-06
0.66	-0.09	1.73025e-05
0.66	-0.08	4.17792e-05
0.66	-0.07	9.09882e-05
0.66	-0.06	0.000178718
0.66	-0.05	0.000316592
0.66	-0.04	0.000505808
0.66	-0.03	0.000728849
0.66	-0.02	0.000947284
0.66	-0.01	0.00111057
0.66	0	0.00117459
0.66	0.01	0.00112085
0.66	0.02	0.00096517
0.66	0.03	0.000750112
0.66	0.04	0.000526262
0.66	0.05	0.000333372
0.66	0.06	0.000190727
0.66	0.07	9.85752e-05
0.66	0.08	4.60386e-05
0.66	0.09	1.94362e-05
0.66	0.1	7.41959e-06
0.66	0.11	2.56201e-06
0.66	0.12	8.0053e-07
0.66	0.13	2.26434e-07
0.66	0.14	5.80034e-08
0.66	0.15	1.34617e-08
0.66	0.16	2.83192e-09
0.66	0.17	5.40253e-10
0.66	0.18	9.3511e-11
0.66	0.19	1.46925e-11
0.66	0.2	2.09663e-12

0.68	-0.2	1.75436e-13
0.68	-0.19	1.25565e-12
0.68	-0.18	8.14053e-12
0.68	-0.17	4.77913e-11
0.68	-0.16	2.54008e-10
0.68	-0.15	1.22194e-09
0.68	-0.14	5.31935e-09
0.68	-0.13	2.09505e-08
0.68	-0.12	7.46417e-08
0.68	-0.11	2.40523e-07
0.68	-0.1	7.00909e-07
0.68	-0.09	1.84694e-06
0.68	-0.08	4.40042e-06
0.68	-0.07	9.47889e-06
0.68	-0.06	1.84598e-05
0.68	-0.05	3.25009e-05
0.68	-0.04	5.17327e-05
0.68	-0.03	7.44474e-05
0.68	-0.02	9.68659e-05
0.68	-0.01	0.000113962
0.68	0	0.000121245
0.68	0.01	0.000116662
0.68	0.02	0.000101535
0.68	0.03	7.99472e-05
0.68	0.04	5.69595e-05
0.68	0.05	3.6728e-05
0.68	0.06	2.14385e-05
0.68	0.07	1.1331e-05
0.68	0.08	5.4242e-06
0.68	0.09	2.35247e-06
0.68	0.1	9.24635e-07
0.68	0.11	3.29471e-07
0.68	0.12	1.06468e-07
0.68	0.13	3.12131e-08
0.68	0.14	8.30497e-09
0.68	0.15	2.00633e-09
0.68	0.16	4.40262e-10
0.68	0.17	8.77928e-11
0.68	0.18	1.59164e-11
0.68	0.19	2.62466e-12
0.68	0.2	3.93876e-13

0.7	-0.2	1.58552e-14
0.7	-0.19	1.09227e-13
0.7	-0.18	6.83103e-13
0.7	-0.17	3.87727e-12
0.7	-0.16	1.99685e-11
0.7	-0.15	9.32934e-11
0.7	-0.14	3.95324e-10
0.7	-0.13	1.51905e-09
0.7	-0.12	5.29226e-09
0.7	-0.11	1.67146e-08
0.7	-0.1	4.78504e-08
0.7	-0.09	1.24156e-07
0.7	-0.08	2.91947e-07
0.7	-0.07	6.22118e-07
0.7	-0.06	1.20131e-06
0.7	-0.05	2.10208e-06
0.7	-0.04	3.33314e-06
0.7	-0.03	4.7894e-06
0.7	-0.02	6.23665e-06
0.7	-0.01	7.36031e-06
0.7	0	7.87324e-06
0.7	0.01	7.63437e-06
0.7	0.02	6.71139e-06
0.7	0.03	5.34981e-06
0.7	0.04	3.86747e-06
0.7	0.05	2.53608e-06
0.7	0.06	1.50882e-06
0.7	0.07	8.14623e-07
0.7	0.08	3.99235e-07
0.7	0.09	1.77654e-07
0.7	0.1	7.17992e-08
0.7	0.11	2.63634e-08
0.7	0.12	8.79758e-09
0.7	0.13	2.66905e-09
0.7	0.14	7.36443e-10
0.7	0.15	1.84875e-10
0.7	0.16	4.22425e-11
0.7	0.17	8.78884e-12
0.7	0.18	1.66576e-12
0.7	0.19	2.87731e-13
0.7	0.2	4.53164e-14

0.72	-0.2	9.3132e-16
0.72	-0.19	6.18225e-15
0.72	-0.18	3.73357e-14
0.72	-0.17	2.05081e-13
0.72	-0.16	1.02435e-12
0.72	-0.15	4.65166e-12
0.72	-0.14	1.92007e-11
0.72	-0.13	7.20282e-11
0.72	-0.12	2.45526e-10
0.72	-0.11	7.60401e-10
0.72	-0.1	2.13939e-09
0.72	-0.09	5.4676e-09
0.72	-0.08	1.2692e-08
0.72	-0.07	2.6759e-08
0.72	-0.06	5.12385e-08
0.72	-0.05	8.91055e-08
0.72	-0.04	1.40733e-07
0.72	-0.03	2.01875e-07
0.72	-0.02	2.63015e-07
0.72	-0.01	3.11259e-07
0.72	0	3.34612e-07
0.72	0.01	3.26802e-07
0.72	0.02	2.90005e-07
0.72	0.03	2.33867e-07
0.72	0.04	1.71413e-07
0.72	0.05	1.14211e-07
0.72	0.06	6.91917e-08
0.72	0.07	3.81219e-08
0.72	0.08	1.91062e-08
0.72	0.09	8.71294e-09
0.72	0.1	3.61632e-09
0.72	0.11	1.3665e-09
0.72	0.12	4.70244e-10
0.72	0.13	1.4742e-10
0.72	0.14	4.21166e-11
0.72	0.15	1.09692e-11
0.72	0.16	2.60545e-12
0.72	0.17	5.6461e-13
0.72	0.18	1.11673e-13
0.72	0.19	2.01681e-14
0.72	0.2	3.32727e-15

0.74	-0.2	3.68662e-17
0.74	-0.19	2.3606e-16
0.74	-0.18	1.378e-15
0.74	-0.17	7.33171e-15
0.74	-0.16	3.55467e-14
0.74	-0.15	1.57016e-13
0.74	-0.14	6.3177e-13
0.74	-0.13	2.31513e-12
0.74	-0.12	7.72554e-12
0.74	-0.11	2.34727e-11
0.74	-0.1	6.49282e-11
0.74	-0.09	1.63493e-10
0.74	-0.08	3.74737e-10
0.74	-0.07	7.81802e-10
0.74	-0.06	1.48454e-09
0.74	-0.05	2.56571e-09
0.74	-0.04	4.03592e-09
0.74	-0.03	5.77842e-09
0.74	-0.02	7.53051e-09
0.74	-0.01	8.93335e-09
0.74	0	9.64747e-09
0.74	0.01	9.48558e-09
0.74	0.02	8.49214e-09
0.74	0.03	6.9236e-09
0.74	0.04	5.14131e-09
0.74	0.05	3.47792e-09
0.74	0.06	2.14363e-09
0.74	0.07	1.20408e-09
0.74	0.08	6.16499e-10
0.74	0.09	2.87799e-10
0.74	0.1	1.22529e-10
0.74	0.11	4.75881e-11
0.74	0.12	1.68654e-11
0.74	0.13	5.45592e-12
0.74	0.14	1.61159e-12
0.74	0.15	4.34812e-13
0.74	0.16	1.07193e-13
0.74	0.17	2.4155e-14
0.74	0.18	4.97728e-15
0.74	0.19	9.38195e-16
0.74	0.2	1.61842e-16

0.76	-0.2	1.01638e-18
0.76	-0.19	6.28392e-18
0.76	-0.18	3.54905e-17
0.76	-0.17	1.83063e-16
0.76	-0.16	8.62204e-16
0.76	-0.15	3.70728e-15
0.76	-0.14	1.455e-14
0.76	-0.13	5.21149e-14
0.76	-0.12	1.70332e-13
0.76	-0.11	5.07937e-13
0.76	-0.1	1.38185e-12
0.76	-0.09	3.42931e-12
0.76	-0.08	7.76286e-12
0.76	-0.07	1.60281e-11
0.76	-0.06	3.01838e-11
0.76	-0.05	5.18429e-11
0.76	-0.04	8.12139e-11
0.76	-0.03	1.1604e-10
0.76	-0.02	1.51228e-10
0.76	-0.01	1.79777e-10
0.76	0	1.94958e-10
0.76	0.01	1.92884e-10
0.76	0.02	1.74119e-10
0.76	0.03	1.43432e-10
0.76	0.04	1.07834e-10
0.76	0.05	7.40033e-11
0.76	0.06	4.63666e-11
0.76	0.07	2.65279e-11
0.76	0.08	1.38624e-11
0.76	0.09	6.61775e-12
0.76	0.1	2.88685e-12
0.76	0.11	1.15105e-12
0.76	0.12	4.19603e-13
0.76	0.13	1.3989e-13
0.76	0.14	4.26645e-14
0.76	0.15	1.19076e-14
0.76	0.16	3.04229e-15
0.76	0.17	7.11785e-16
0.76	0.18	1.52555e-16
0.76	0.19	2.99639e-17
0.76	0.2	5.39551e-18

0.78	-0.2	2.01092e-20
0.78	-0.19	1.20162e-19
0.78	-0.18	6.57189e-19
0.78	-0.17	3.28905e-18
0.78	-0.16	1.506e-17
0.78	-0.15	6.3077e-17
0.78	-0.14	2.41624e-16
0.78	-0.13	8.4638e-16
0.78	-0.12	2.71076e-15
0.78	-0.11	7.93716e-15
0.78	-0.1	2.12444e-14
0.78	-0.09	5.19751e-14
0.78	-0.08	1.16221e-13
0.78	-0.07	2.37517e-13
0.78	-0.06	4.43618e-13
0.78	-0.05	7.57219e-13
0.78	-0.04	1.18122e-12
0.78	-0.03	1.68403e-12
0.78	-0.02	2.19427e-12
0.78	-0.01	2.61321e-12
0.78	0	2.84467e-12
0.78	0.01	2.83075e-12
0.78	0.02	2.5753e-12
0.78	0.03	2.14221e-12
0.78	0.04	1.62953e-12
0.78	0.05	1.13369e-12
0.78	0.06	7.21493e-13
0.78	0.07	4.20102e-13
0.78	0.08	2.23847e-13
0.78	0.09	1.09172e-13
0.78	0.1	4.87458e-14
0.78	0.11	1.99313e-14
0.78	0.12	7.46484e-15
0.78	0.13	2.56159e-15
0.78	0.14	8.05619e-16
0.78	0.15	2.3228e-16
0.78	0.16	6.14178e-17
0.78	0.17	1.48977e-17
0.78	0.18	3.31618e-18
0.78	0.19	6.77647e-19
0.78	0.2	1.27167e-19

0.8	-0.2	2.93442e-22
0.8	-0.19	1.69624e-21
0.8	-0.18	8.99129e-21
0.8	-0.17	4.36955e-20
0.8	-0.16	1.94648e-19
0.8	-0.15	7.94666e-19
0.8	-0.14	2.97286e-18
0.8	-0.13	1.01896e-17
0.8	-0.12	3.19946e-17
0.8	-0.11	9.20204e-17
0.8	-0.1	2.42404e-16
0.8	-0.09	5.84799e-16
0.8	-0.08	1.29199e-15
0.8	-0.07	2.6138e-15
0.8	-0.06	4.84214e-15
0.8	-0.05	8.21381e-15
0.8	-0.04	1.27583e-14
0.8	-0.03	1.81465e-14
0.8	-0.02	2.3635e-14
0.8	-0.01	2.81905e-14
0.8	0	3.07937e-14
0.8	0.01	3.08084e-14
0.8	0.02	2.82334e-14
0.8	0.03	2.37026e-14
0.8	0.04	1.82314e-14
0.8	0.05	1.28499e-14
0.8	0.06	8.30048e-15
0.8	0.07	4.91478e-15
0.8	0.08	2.66799e-15
0.8	0.09	1.32811e-15
0.8	0.1	6.06382e-16
0.8	0.11	2.53993e-16
0.8	0.12	9.76264e-17
0.8	0.13	3.44426e-17
0.8	0.14	1.11565e-17
0.8	0.15	3.31882e-18
0.8	0.16	9.0698e-19
0.8	0.17	2.27774e-19
0.8	0.18	5.25827e-20
0.8	0.19	1.11625e-20
0.8	0.2	2.17978e-21

0.82	-0.2	3.23809e-24
0.82	-0.19	1.81229e-23
0.82	-0.18	9.31806e-23
0.82	-0.17	4.40049e-22
0.82	-0.16	1.90842e-21
0.82	-0.15	7.59929e-21
0.82	-0.14	2.778e-20
0.82	-0.13	9.32164e-20
0.82	-0.12	2.87078e-19
0.82	-0.11	8.11349e-19
0.82	-0.1	2.10415e-18
0.82	-0.09	5.00695e-18
0.82	-0.08	1.09313e-17
0.82	-0.07	2.18951e-17
0.82	-0.06	4.02336e-17
0.82	-0.05	6.78251e-17
0.82	-0.04	1.04894e-16
0.82	-0.03	1.48825e-16
0.82	-0.02	1.93721e-16
0.82	-0.01	2.31353e-16
0.82	0	2.53511e-16
0.82	0.01	2.54902e-16
0.82	0.02	2.35203e-16
0.82	0.03	1.99184e-16
0.82	0.04	1.5483e-16
0.82	0.05	1.10486e-16
0.82	0.06	7.2389e-17
0.82	0.07	4.35536e-17
0.82	0.08	2.40679e-17
0.82	0.09	1.22179e-17
0.82	0.1	5.69892e-18
0.82	0.11	2.44296e-18
0.82	0.12	9.62659e-19
0.82	0.13	3.48791e-19
0.82	0.14	1.16227e-19
0.82	0.15	3.56303e-20
0.82	0.16	1.00513e-20
0.82	0.17	2.61002e-21
0.82	0.18	6.24049e-22
0.82	0.19	1.37431e-22
0.82	0.2	2.78862e-23

0.84	-0.2	2.76457e-26
0.84	-0.19	1.49934e-25
0.84	-0.18	7.48344e-25
0.84	-0.17	3.43678e-24
0.84	-0.16	1.45202e-23
0.84	-0.15	5.64287e-23
0.84	-0.14	2.01682e-22
0.84	-0.13	6.62852e-22
0.84	-0.12	2.00308e-21
0.84	-0.11	5.56503e-21
0.84	-0.1	1.4213e-20
0.84	-0.09	3.33671e-20
0.84	-0.08	7.20015e-20
0.84	-0.07	1.42802e-19
0.84	-0.06	2.60306e-19
0.84	-0.05	4.36096e-19
0.84	-0.04	6.71472e-19
0.84	-0.03	9.50226e-19
0.84	-0.02	1.23592e-18
0.84	-0.01	1.47753e-18
0.84	0	1.62364e-18
0.84	0.01	1.64014e-18
0.84	0.02	1.52315e-18
0.84	0.03	1.30054e-18
0.84	0.04	1.0211e-18
0.84	0.05	7.37281e-19
0.84	0.06	4.89642e-19
0.84	0.07	2.99139e-19
0.84	0.08	1.68146e-19
0.84	0.09	8.69761e-20
0.84	0.1	4.14091e-20
0.84	0.11	1.81496e-20
0.84	0.12	7.32495e-21
0.84	0.13	2.72278e-21
0.84	0.14	9.32388e-22
0.84	0.15	2.94218e-22
0.84	0.16	8.55746e-23
0.84	0.17	2.29481e-23
0.84	0.18	5.67549e-24
0.84	0.19	1.29492e-24
0.84	0.2	2.72649e-25

0.86	-0.2	1.86484e-28
0.86	-0.19	9.80835e-28
0.86	-0.18	4.75583e-27
0.86	-0.17	2.12545e-26
0.86	-0.16	8.7539e-26
0.86	-0.15	3.32206e-25
0.86	-0.14	1.16148e-24
0.86	-0.13	3.74072e-24
0.86	-0.12	1.10966e-23
0.86	-0.11	3.03162e-23
0.86	-0.1	7.6273e-23
0.86	-0.09	1.76704e-22
0.86	-0.08	3.76943e-22
0.86	-0.07	7.40355e-22
0.86	-0.06	1.33883e-21
0.86	-0.05	2.22907e-21
0.86	-0.04	3.41692e-21
0.86	-0.03	4.82238e-21
0.86	-0.02	6.26637e-21
0.86	-0.01	7.49745e-21
0.86	0	8.25994e-21
0.86	0.01	8.37981e-21
0.86	0.02	7.82925e-21
0.86	0.03	6.73712e-21
0.86	0.04	5.34002e-21
0.86	0.05	3.89922e-21
0.86	0.06	2.62323e-21
0.86	0.07	1.62622e-21
0.86	0.08	9.29138e-22
0.86	0.09	4.89339e-22
0.86	0.1	2.37601e-22
0.86	0.11	1.06385e-22
0.86	0.12	4.39337e-23
0.86	0.13	1.67377e-23
0.86	0.14	5.88402e-24
0.86	0.15	1.90915e-24
0.86	0.16	5.71877e-25
0.86	0.17	1.5819e-25
0.86	0.18	4.04192e-26
0.86	0.19	9.54236e-27
0.86	0.2	2.08215e-27

0.88	-0.2	1.01318e-30
0.88	-0.19	5.17203e-30
0.88	-0.18	2.43799e-29
0.88	-0.17	1.06102e-28
0.88	-0.16	4.26251e-28
0.88	-0.15	1.58051e-27
0.88	-0.14	5.40824e-27
0.88	-0.13	1.70762e-26
0.88	-0.12	4.97456e-26
0.88	-0.11	1.33692e-25
0.88	-0.1	3.31439e-25
0.88	-0.09	7.5792e-25
0.88	-0.08	1.59859e-24
0.88	-0.07	3.10976e-24
0.88	-0.06	5.57927e-24
0.88	-0.05	9.23173e-24
0.88	-0.04	1.40877e-23
0.88	-0.03	1.98269e-23
0.88	-0.02	2.57355e-23
0.88	-0.01	3.08101e-23
0.88	0	3.40215e-23
0.88	0.01	3.4653e-23
0.88	0.02	3.25603e-23
0.88	0.03	2.8225e-23
0.88	0.04	2.25745e-23
0.88	0.05	1.66607e-23
0.88	0.06	1.13478e-23
0.88	0.07	7.13399e-24
0.88	0.08	4.1402e-24
0.88	0.09	2.21844e-24
0.88	0.1	1.09771e-24
0.88	0.11	5.01674e-25
0.88	0.12	2.11804e-25
0.88	0.13	8.26264e-26
0.88	0.14	2.97898e-26
0.88	0.15	9.92851e-27
0.88	0.16	3.05964e-27
0.88	0.17	8.72045e-28
0.88	0.18	2.29934e-28
0.88	0.19	5.61022e-29
0.88	0.2	1.26705e-29

0.9	-0.2	4.51287e-33
0.9	-0.19	2.23751e-32
0.9	-0.18	1.02607e-31
0.9	-0.17	4.35123e-31
0.9	-0.16	1.7061e-30
0.9	-0.15	6.18436e-30
0.9	-0.14	2.07216e-29
0.9	-0.13	6.41712e-29
0.9	-0.12	1.83653e-28
0.9	-0.11	4.85689e-28
0.9	-0.1	1.18682e-27
0.9	-0.09	2.67946e-27
0.9	-0.08	5.58886e-27
0.9	-0.07	1.07694e-26
0.9	-0.06	1.91708e-26
0.9	-0.05	3.15253e-26
0.9	-0.04	4.78905e-26
0.9	-0.03	6.72066e-26
0.9	-0.02	8.71274e-26
0.9	-0.01	1.0435e-25
0.9	0	1.15463e-25
0.9	0.01	1.18041e-25
0.9	0.02	1.11505e-25
0.9	0.03	9.73322e-26
0.9	0.04	7.8517e-26
0.9	0.05	5.85412e-26
0.9	0.06	4.03461e-26
0.9	0.07	2.57062e-26
0.9	0.08	1.51438e-26
0.9	0.09	8.25006e-27
0.9	0.1	4.15696e-27
0.9	0.11	1.93762e-27
0.9	0.12	8.35633e-28
0.9	0.13	3.33506e-28
0.9	0.14	1.23203e-28
0.9	0.15	4.21374e-29
0.9	0.16	1.33456e-29
0.9	0.17	3.91509e-30
0.9	0.18	1.0641e-30
0.9	0.19	2.68027e-31
0.9	0.2	6.2581e-32

0.92	-0.2	1.67497e-35
0.92	-0.19	8.0718e-35
0.92	-0.18	3.60339e-34
0.92	-0.17	1.48991e-33
0.92	-0.16	5.70494e-33
0.92	-0.15	2.02267e-32
0.92	-0.14	6.6394e-32
0.92	-0.13	2.01749e-31
0.92	-0.12	5.67449e-31
0.92	-0.11	1.47719e-30
0.92	-0.1	3.55885e-30
0.92	-0.09	7.93439e-30
0.92	-0.08	1.63691e-29
0.92	-0.07	3.12483e-29
0.92	-0.06	5.51955e-29
0.92	-0.05	9.02087e-29
0.92	-0.04	1.36414e-28
0.92	-0.03	1.90869e-28
0.92	-0.02	2.47108e-28
0.92	-0.01	2.96024e-28
0.92	0	3.28149e-28
0.92	0.01	3.36623e-28
0.92	0.02	3.19574e-28
0.92	0.03	2.80796e-28
0.92	0.04	2.28368e-28
0.92	0.05	1.7193e-28
0.92	0.06	1.19836e-28
0.92	0.07	7.73386e-29
0.92	0.08	4.62205e-29
0.92	0.09	2.55839e-29
0.92	0.1	1.31178e-29
0.92	0.11	6.2314e-30
0.92	0.12	2.74298e-30
0.92	0.13	1.11905e-30
0.92	0.14	4.23212e-31
0.92	0.15	1.484e-31
0.92	0.16	4.82584e-32
0.92	0.17	1.45571e-32
0.92	0.18	4.07421e-33
0.92	0.19	1.05824e-33
0.92	0.2	2.5516e-34

0.94	-0.2	5.25859e-38
0.94	-0.19	2.4648e-37
0.94	-0.18	1.07184e-36
0.94	-0.17	4.32367e-36
0.94	-0.16	1.61764e-35
0.94	-0.15	5.61254e-35
0.94	-0.14	1.80566e-34
0.94	-0.13	5.38593e-34
0.94	-0.12	1.48933e-33
0.94	-0.11	3.8176e-33
0.94	-0.1	9.07035e-33
0.94	-0.09	1.99739e-32
0.94	-0.08	4.07649e-32
0.94	-0.07	7.71035e-32
0.94	-0.06	1.35149e-31
0.94	-0.05	2.1953e-31
0.94	-0.04	3.30457e-31
0.94	-0.03	4.60975e-31
0.94	-0.02	5.95919e-31
0.94	-0.01	7.13932e-31
0.94	0	7.92687e-31
0.94	0.01	8.15726e-31
0.94	0.02	7.78054e-31
0.94	0.03	6.87908e-31
0.94	0.04	5.63821e-31
0.94	0.05	4.28434e-31
0.94	0.06	3.01858e-31
0.94	0.07	1.97219e-31
0.94	0.08	1.19503e-31
0.94	0.09	6.7166e-32
0.94	0.1	3.50208e-32
0.94	0.11	1.69425e-32
0.94	0.12	7.60637e-33
0.94	0.13	3.16958e-33
0.94	0.14	1.22612e-33
0.94	0.15	4.40413e-34
0.94	0.16	1.46916e-34
0.94	0.17	4.55258e-35
0.94	0.18	1.31076e-35
0.94	0.19	3.50724e-36
0.94	0.2	8.72358e-37

0.96	-0.2	1.41596e-40
0.96	-0.19	6.45954e-40
0.96	-0.18	2.73798e-39
0.96	-0.17	1.07814e-38
0.96	-0.16	3.9434e-38
0.96	-0.15	1.33957e-37
0.96	-0.14	4.22578e-37
0.96	-0.13	1.23779e-36
0.96	-0.12	3.36625e-36
0.96	-0.11	8.49897e-36
0.96	-0.1	1.99193e-35
0.96	-0.09	4.33355e-35
0.96	-0.08	8.75087e-35
0.96	-0.07	1.64013e-34
0.96	-0.06	2.85306e-34
0.96	-0.05	4.6062e-34
0.96	-0.04	6.90191e-34
0.96	-0.03	9.59821e-34
0.96	-0.02	1.23883e-33
0.96	-0.01	1.48404e-33
0.96	0	1.65008e-33
0.96	0.01	1.70299e-33
0.96	0.02	1.63151e-33
0.96	0.03	1.451e-33
0.96	0.04	1.19807e-33
0.96	0.05	9.18475e-34
0.96	0.06	6.53836e-34
0.96	0.07	4.32249e-34
0.96	0.08	2.65409e-34
0.96	0.09	1.5138e-34
0.96	0.1	8.02148e-35
0.96	0.11	3.94947e-35
0.96	0.12	1.80714e-35
0.96	0.13	7.68571e-36
0.96	0.14	3.03877e-36
0.96	0.15	1.11715e-36
0.96	0.16	3.81956e-37
0.96	0.17	1.21477e-37
0.96	0.18	3.59454e-38
0.96	0.19	9.89834e-39
0.96	0.2	2.53719e-39

0.98	-0.2	3.31215e-43
0.98	-0.19	1.47155e-42
0.98	-0.18	6.08338e-42
0.98	-0.17	2.33966e-41
0.98	-0.16	8.37032e-41
0.98	-0.15	2.78521e-40
0.98	-0.14	8.61886e-40
0.98	-0.13	2.48013e-39
0.98	-0.12	6.63574e-39
0.98	-0.11	1.65067e-38
0.98	-0.1	3.81727e-38
0.98	-0.09	8.20622e-38
0.98	-0.08	1.63986e-37
0.98	-0.07	3.04598e-37
0.98	-0.06	5.25884e-37
0.98	-0.05	8.43891e-37
0.98	-0.04	1.25867e-36
0.98	-0.03	1.7449e-36
0.98	-0.02	2.24834e-36
0.98	-0.01	2.69277e-36
0.98	0	2.99774e-36
0.98	0.01	3.10218e-36
0.98	0.02	2.98428e-36
0.98	0.03	2.66895e-36
0.98	0.04	2.21922e-36
0.98	0.05	1.71577e-36
0.98	0.06	1.23354e-36
0.98	0.07	8.24759e-37
0.98	0.08	5.12901e-37
0.98	0.09	2.96705e-37
0.98	0.1	1.59683e-37
0.98	0.11	7.99648e-38
0.98	0.12	3.72656e-38
0.98	0.13	1.61644e-38
0.98	0.14	6.52716e-39
0.98	0.15	2.45405e-39
0.98	0.16	8.59245e-40
0.98	0.17	2.80228e-40
0.98	0.18	8.51446e-41
0.98	0.19	2.41072e-41
0.98	0.2	6.36174e-42

1	-0.2	6.81048e-46
1	-0.19	2.9487e-45
1	-0.18	1.18957e-44
1	-0.17	4.47093e-44
1	-0.16	1.56529e-43
1	-0.15	5.10423e-43
1	-0.14	1.55008e-42
1	-0.13	4.38354e-42
1	-0.12	1.15425e-41
1	-0.11	2.82975e-41
1	-0.1	6.45856e-41
1	-0.09	1.37226e-40
1	-0.08	2.71412e-40
1	-0.07	4.99683e-40
1	-0.06	8.56291e-40
1	-0.05	1.36584e-39
1	-0.04	2.0278e-39
1	-0.03	2.80219e-39
1	-0.02	3.60431e-39
1	-0.01	4.31525e-39
1	0	4.80908e-39
1	0.01	4.98894e-39
1	0.02	4.818e-39
1	0.03	4.33174e-39
1	0.04	3.62598e-39
1	0.05	2.82612e-39
1	0.06	2.05114e-39
1	0.07	1.38638e-39
1	0.08	8.72774e-40
1	0.09	5.11801e-40
1	0.1	2.79599e-40
1	0.11	1.42319e-40
1	0.12	6.75073e-41
1	0.13	2.98443e-41
1	0.14	1.22989e-41
1	0.15	4.72544e-42
1	0.16	1.69303e-42
1	0.17	5.6574e-43
1	0.18	1.76353e-43
1	0.19	5.12926e-44
1	0.2	1.39227e-44

